[122, 0]
[114, 4]
[121, 10]
[124, 15]
[121, 20]
[121, 25]
[121, 30]
[123, 35]
[123, 40]
[122, 45]
[121, 50]
[121, 55]
[121, 60]
[122, 65]
[120, 70]
[120, 75]
[123, 80]
[120, 85]
[122, 90]
[119, 95]
[120, 100]
[123, 105]
[120, 110]
[120, 115]
[125, 121]
[125, 126]
[125, 132]
[126, 137]
[126, 143]
[126, 148]
[127, 154]
[126, 159]
[127, 165]
[127, 170]
[127, 176]
[126, 181]
[113, 186]
[126, 190]
[126, 195]
[127, 201]
[113, 205]
[124, 210]
[112, 215]
[125, 220]
[124, 225]
[125, 230]
[125, 235]
[126, 240]
[127, 245]
[125, 250]
[124, 255]
[125, 260]
[124, 265]
[125, 270]
[124, 275]
[123, 280]
[124, 285]
[124, 290]
[124, 295]
[123, 300]
[124, 305]
[123, 310]
[123, 315]
[121, 320]
[124, 325]
[123, 330]
[122, 335]
[122, 340]
[123, 345]
[122, 350]
[121, 356]
[122, 361]
[124, 366]
[121, 371]
[121, 376]
[121, 381]
[121, 386]
[122, 391]
[120, 396]
[122, 401]
[120, 406]
[121, 411]
[119, 416]
[118, 421]
[117, 427]
[121, 432]
[120, 437]
[118, 442]
[120, 447]
[118, 452]
[118, 457]
[117, 462]
[120, 467]
[119, 472]
[116, 477]
[120, 483]
[118, 488]
[116, 493]
[118, 498]
[116, 503]
[117, 508]
[117, 513]
[117, 518]
[115, 523]
[116, 528]
[117, 533]
[117, 538]
[117, 543]
[117, 548]
[115, 553]
[116, 559]
[125, 563]
[116, 568]
[115, 573]
[114, 578]
[116, 584]
[115, 589]
[116, 594]
[117, 599]
[115, 604]
[114, 609]
[114, 614]
[114, 619]
[113, 624]
[112, 629]
[123, 634]
[122, 639]
[113, 644]
[113, 649]
[126, 654]
[123, 659]
[123, 664]
[125, 670]
[125, 675]
[126, 680]
[125, 685]
[124, 690]
[124, 695]
[114, 700]
[126, 705]
[125, 710]
[124, 715]
[124, 720]
[125, 725]
[116, 730]
[124, 735]
[116, 740]
[123, 745]
[124, 750]
[123, 755]
[123, 760]
[123, 765]
[123, 770]
[123, 776]
[123, 781]
[123, 786]
[122, 791]
[121, 796]
[121, 801]
[121, 806]
[117, 811]
[124, 817]
[123, 822]
[120, 827]
[124, 832]
[124, 837]
[124, 842]
[124, 847]
[124, 852]
[123, 857]
[123, 862]
[123, 867]
[122, 872]
[121, 877]
[119, 882]
[121, 887]
[123, 892]
[121, 897]
[123, 902]
[123, 907]
[121, 912]
[121, 917]
[124, 922]
[121, 927]
[120, 932]
[121, 937]
[120, 942]
[119, 947]
[120, 952]
[120, 957]
[120, 962]
[124, 967]
[122, 972]
[120, 977]
[120, 982]
[122, 987]
[120, 992]
[122, 997]
[122, 1002]
[120, 1007]
[121, 1012]
[124, 1017]
[118, 1022]
[121, 1027]
[124, 1032]
[124, 1038]
[119, 1043]
[124, 1047]
[123, 1052]
[124, 1058]
[124, 1063]
[121, 1068]
[124, 1073]
[123, 1078]
[121, 1083]
[122, 1088]
[121, 1093]
[125, 1098]
[125, 1103]
[121, 1108]
[122, 1113]
[126, 1118]
[125, 1123]
[122, 1128]
[119, 1133]
[116, 1138]
[120, 1143]
[120, 1148]
[117, 1153]
[122, 1158]
[123, 1163]
[124, 1168]
[123, 1173]
[117, 1178]
[116, 1184]
[116, 1189]
[123, 1194]
[118, 1199]
[123, 1204]
[123, 1209]
[122, 1214]
[124, 1219]
[119, 1224]
[123, 1229]
[123, 1234]
[124, 1239]
[124, 1244]
[124, 1249]
[124, 1254]
[124, 1259]
[124, 1265]
[123, 1270]
[123, 1275]
[124, 1280]
[123, 1285]
[124, 1290]
[125, 1295]
[125, 1300]
[125, 1305]
[122, 1310]
[123, 1315]
[124, 1320]
[121, 1325]
[124, 1330]
[121, 1335]
[120, 1340]
[120, 1346]
[121, 1351]
[121, 1356]
[121, 1361]
[120, 1366]
[120, 1371]
[120, 1376]
[119, 1381]
[120, 1386]
[121, 1391]
[121, 1396]
[120, 1402]
[121, 1407]
[120, 1412]
[119, 1417]
[119, 1422]
[121, 1427]
[123, 1432]
[122, 1437]
[118, 1442]
[119, 1447]
[117, 1452]
[118, 1457]
[120, 1462]
[119, 1467]
[119, 1472]
[119, 1477]
[119, 1482]
[119, 1487]
[120, 1492]
[119, 1497]
[121, 1502]
[121, 1507]
[125, 1512]
[120, 1517]
[121, 1522]
[119, 1527]
[122, 1532]
[120, 1537]
[119, 1542]
[117, 1547]
[116, 1552]
[117, 1557]
[116, 1562]
[119, 1567]
[119, 1572]
[116, 1577]
[117, 1583]
[119, 1588]
[119, 1593]
[118, 1598]
[118, 1603]
[119, 1608]
[116, 1613]
[119, 1618]
[118, 1623]
[116, 1628]
[118, 1633]
[118, 1638]
[118, 1643]
[118, 1648]
[117, 1653]
[116, 1658]
[115, 1664]
[115, 1669]
[116, 1674]
[114, 1680]
[117, 1685]
[115, 1690]
[119, 1695]
[113, 1700]
[115, 1705]
[118, 1710]
[116, 1715]
[117, 1720]
[119, 1725]
[120, 1730]
[118, 1735]
[119, 1740]
[116, 1745]
[118, 1750]
[116, 1755]
[118, 1760]
[118, 1765]
[121, 1770]
[118, 1776]
[121, 1781]
[120, 1786]
[120, 1791]
[120, 1796]
[120, 1801]
[120, 1806]
[114, 1811]
[122, 1815]
[114, 1820]
[122, 1825]
[122, 1830]
[114, 1835]
[118, 1840]
[117, 1845]
[118, 1851]
[116, 1856]
[117, 1861]
[116, 1866]
[122, 1871]
[116, 1876]
[114, 1881]
[114, 1886]
[113, 1892]
[114, 1897]
[117, 1902]
[122, 1907]
[114, 1912]
[122, 1917]
[114, 1922]
[113, 1927]
[113, 1932]
[121, 1937]
[116, 1942]
[119, 1947]
[125, 1952]
[117, 1957]
[114, 1962]
[114, 1967]
[114, 1972]
[113, 1977]
[120, 1982]
[116, 1987]
[112, 1992]
[120, 1997]
[119, 2002]
[119, 2007]
[119, 2012]
[120, 2017]
[119, 2022]
[120, 2027]
[119, 2033]
[119, 2038]
[119, 2043]
[119, 2048]
[119, 2053]
[120, 2058]
[119, 2063]
[120, 2068]
[118, 2073]
[120, 2078]
[120, 2083]
[122, 2088]
[115, 2093]
[121, 2098]
[115, 2103]
[115, 2108]
[118, 2113]
[120, 2118]
[114, 2123]
[121, 2128]
[114, 2133]
[113, 2138]
[113, 2143]
[113, 2149]
[113, 2154]
[112, 2159]
[111, 2165]
[124, 2169]
[112, 2174]
[111, 2179]
[111, 2184]
[112, 2190]
[111, 2195]
[115, 2200]
[111, 2205]
[124, 2210]
[122, 2215]
[124, 2220]
[114, 2225]
[124, 2229]
[113, 2234]
[125, 2239]
[125, 2244]
[125, 2249]
[126, 2254]
[126, 2259]
[125, 2265]
[126, 2270]
[124, 2275]
[125, 2280]
[125, 2285]
[125, 2290]
[125, 2295]
[124, 2301]
[126, 2306]
[126, 2311]
[126, 2316]
[124, 2321]
[124, 2326]
[124, 2331]
[125, 2336]
[125, 2341]
[124, 2346]
[124, 2351]
[124, 2356]
[123, 2361]
[123, 2366]
[123, 2371]
[122, 2376]
[123, 2381]
[122, 2386]
[123, 2391]
[122, 2396]
[122, 2401]
[123, 2407]
[122, 2412]
[121, 2417]
[121, 2422]
[121, 2427]
[122, 2432]
[123, 2437]
[121, 2442]
[118, 2447]
[122, 2452]
[124, 2457]
[120, 2462]
[120, 2467]
[117, 2472]
[116, 2478]
[116, 2483]
[115, 2488]
[115, 2494]
[115, 2499]
[115, 2505]
[114, 2510]
[113, 2515]
[114, 2521]
[113, 2526]
[112, 2531]
[114, 2537]
[125, 2541]
[113, 2546]
[111, 2551]
[114, 2556]
[112, 2562]
[113, 2567]
[125, 2571]
[113, 2576]
[126, 2581]
[114, 2586]
[115, 2591]
[116, 2596]
[117, 2601]
[115, 2606]
[116, 2611]
[117, 2616]
[126, 2621]
[116, 2626]
[117, 2631]
[126, 2636]
[125, 2641]
[116, 2646]
[114, 2651]
[116, 2656]
[116, 2661]
[120, 2666]
[119, 2672]
[120, 2677]
[120, 2682]
[121, 2687]
[119, 2692]
[115, 2698]
[115, 2703]
[120, 2708]
[120, 2713]
[120, 2718]
[117, 2723]
[122, 2728]
[122, 2734]
[114, 2738]
[113, 2744]
[112, 2749]
[114, 2754]
[113, 2760]
[114, 2765]
[113, 2770]
[115, 2776]
[113, 2781]
[114, 2786]
[113, 2791]
[113, 2797]
[115, 2802]
[125, 2806]
[115, 2811]
[114, 2816]
[112, 2822]
[125, 2826]
[115, 2831]
[112, 2836]
[115, 2841]
[121, 2846]
[112, 2851]
[112, 2856]
[114, 2861]
[114, 2866]
[112, 2871]
[115, 2876]
[115, 2881]
[115, 2886]
[119, 2891]
[116, 2896]
[118, 2902]
[116, 2907]
[121, 2912]
[117, 2917]
[117, 2922]
[115, 2927]
[117, 2932]
[117, 2937]
[120, 2942]
[117, 2947]
[118, 2952]
[120, 2957]
[120, 2963]
[118, 2968]
[117, 2973]
[119, 2978]
[119, 2983]
[118, 2988]
[122, 2993]
[116, 2998]
[116, 3004]
[115, 3009]
[115, 3014]
[113, 3020]
[113, 3025]
[113, 3031]
[112, 3036]
[121, 3041]
[121, 3046]
[113, 3051]
[112, 3056]
[121, 3061]
[121, 3066]
[113, 3071]
[114, 3076]
[114, 3081]
[122, 3086]
[114, 3091]
[123, 3095]
[113, 3100]
[123, 3105]
[122, 3110]
[124, 3115]
[113, 3120]
[123, 3125]
[113, 3130]
[122, 3135]
[124, 3140]
[122, 3145]
[124, 3150]
[122, 3155]
[121, 3160]
[121, 3165]
[119, 3170]
[122, 3175]
[122, 3180]
[121, 3185]
[121, 3190]
[120, 3195]
[123, 3200]
[120, 3205]
[121, 3210]
[122, 3215]
[122, 3220]
[122, 3225]
[122, 3230]
[122, 3236]
[122, 3241]
[123, 3247]
[123, 3252]
[120, 3257]
[119, 3262]
[122, 3267]
[122, 3272]
[123, 3277]
[122, 3282]
[123, 3287]
[125, 3292]
[124, 3297]
[123, 3302]
[123, 3307]
[123, 3312]
[123, 3317]
[123, 3322]
[123, 3327]
[124, 3332]
[123, 3338]
[122, 3343]
[124, 3348]
[123, 3353]
[124, 3358]
[126, 3363]
[125, 3368]
[126, 3373]
[126, 3378]
[125, 3383]
[125, 3388]
[121, 3393]
[125, 3398]
[120, 3403]
[121, 3408]
[124, 3413]
[120, 3418]
[117, 3423]
[125, 3428]
[121, 3433]
[121, 3438]
[121, 3443]
[118, 3448]
[118, 3453]
[120, 3458]
[116, 3463]
[117, 3468]
[120, 3473]
[119, 3478]
[121, 3483]
[118, 3488]
[117, 3493]
[117, 3498]
[116, 3504]
[116, 3509]
[116, 3514]
[118, 3519]
[116, 3524]
[116, 3529]
[117, 3534]
[116, 3539]
[115, 3544]
[117, 3550]
[122, 3554]
[115, 3559]
[121, 3564]
[120, 3569]
[122, 3574]
[117, 3579]
[118, 3584]
[122, 3589]
[118, 3594]
[117, 3599]
[123, 3604]
[123, 3610]
[118, 3615]
[121, 3620]
[119, 3625]
[122, 3630]
[121, 3635]
[118, 3640]
[121, 3645]
[122, 3650]
[124, 3655]
[122, 3660]
[123, 3665]
[126, 3671]
[123, 3676]
[124, 3681]
[125, 3686]
[125, 3691]
[124, 3697]
[125, 3702]
[125, 3707]
[125, 3712]
[125, 3718]
[125, 3723]
[126, 3728]
[124, 3733]
[126, 3738]
[126, 3743]
[122, 3748]
[126, 3753]
[126, 3759]
[124, 3764]
[124, 3769]
[126, 3774]
[124, 3779]
[126, 3784]
[125, 3789]
[124, 3794]
[125, 3799]
[124, 3804]
[123, 3809]
[123, 3814]
[123, 3819]
[124, 3824]
[123, 3829]
[125, 3834]
[123, 3839]
[123, 3844]
[122, 3849]
[123, 3854]
[123, 3859]
[121, 3864]
[121, 3869]
[122, 3874]
[123, 3879]
[122, 3884]
[122, 3889]
[121, 3894]
[120, 3899]
[122, 3904]
[118, 3909]
[121, 3915]
[118, 3920]
[116, 3925]
[120, 3930]
[117, 3935]
[119, 3941]
[116, 3946]
[118, 3951]
[116, 3956]
[116, 3961]
[116, 3967]
[117, 3972]
[116, 3977]
[116, 3982]
[114, 3988]
[115, 3993]
[114, 3998]
[113, 4003]
[114, 4009]
[114, 4014]
[112, 4019]
[112, 4024]
[113, 4030]
[115, 4035]
[115, 4040]
[115, 4045]
[115, 4050]
[113, 4055]
[114, 4060]
[114, 4065]
[114, 4070]
[114, 4075]
[113, 4080]
[113, 4085]
[114, 4090]
[113, 4095]
[114, 4100]
[114, 4105]
[113, 4110]
[115, 4115]
[117, 4120]
[114, 4125]
[125, 4130]
[113, 4135]
[114, 4140]
[113, 4145]
[121, 4150]
[115, 4155]
[113, 4160]
[113, 4166]
[113, 4171]
[113, 4176]
[113, 4181]
[113, 4186]
[113, 4191]
[113, 4197]
[112, 4202]
[112, 4207]
[112, 4212]
[114, 4218]
[112, 4223]
[112, 4228]
[112, 4233]
[112, 4238]
[112, 4243]
[112, 4248]
[112, 4253]
[112, 4258]
[112, 4263]
[112, 4268]
[110, 4274]
[112, 4279]
[115, 4284]
[114, 4289]
[112, 4294]
[112, 4299]
[114, 4304]
[115, 4309]
[113, 4314]
[114, 4319]
[113, 4324]
[113, 4329]
[114, 4334]
[117, 4339]
[115, 4344]
[114, 4349]
[113, 4354]
[115, 4359]
[115, 4364]
[114, 4369]
[115, 4374]
[114, 4379]
[114, 4384]
[113, 4389]
[116, 4394]
[116, 4399]
[114, 4404]
[115, 4409]
[117, 4414]
[117, 4419]
[117, 4424]
[115, 4429]
[117, 4435]
[116, 4440]
[115, 4445]
[116, 4450]
[118, 4455]
[116, 4460]
[115, 4465]
[116, 4470]
[115, 4475]
[117, 4480]
[115, 4485]
[115, 4490]
[115, 4495]
[115, 4500]
[116, 4505]
[116, 4510]
[114, 4515]
[115, 4520]
[118, 4525]
[115, 4530]
[115, 4535]
[117, 4540]
[114, 4545]
[114, 4550]
[114, 4555]
[113, 4561]
[114, 4566]
[114, 4571]
[113, 4576]
[121, 4581]
[113, 4586]
[113, 4591]
[114, 4596]
[124, 4600]
[124, 4606]
[114, 4610]
[115, 4615]
[114, 4620]
[113, 4626]
[113, 4631]
[112, 4636]
[113, 4641]
[112, 4646]
[112, 4651]
[113, 4656]
[113, 4661]
[113, 4666]
[112, 4671]
[112, 4676]
[112, 4681]
[112, 4686]
[113, 4691]
[113, 4696]
[114, 4701]
[114, 4706]
[112, 4711]
[113, 4716]
[114, 4721]
[112, 4726]
[114, 4731]
[112, 4736]
[112, 4741]
[112, 4746]
[123, 4751]
[124, 4756]
[113, 4761]
[124, 4767]
[113, 4771]
[123, 4777]
[122, 4782]
[113, 4787]
[113, 4792]
[122, 4797]
[123, 4802]
[122, 4807]
[120, 4812]
[122, 4817]
[120, 4823]
[122, 4828]
[122, 4833]
[119, 4838]
[121, 4843]
[121, 4849]
[114, 4854]
[118, 4859]
[114, 4864]
[116, 4869]
[116, 4875]
[116, 4880]
[119, 4885]
[119, 4890]
[115, 4895]
[126, 4900]
[115, 4905]
[117, 4911]
[114, 4916]
[114, 4921]
[117, 4926]
[118, 4931]
[116, 4936]
[117, 4941]
[115, 4947]
[115, 4952]
[116, 4957]
[118, 4962]
[115, 4968]
[115, 4973]
[114, 4978]
[117, 4983]
[116, 4988]
[114, 4993]
[117, 4998]
[116, 5003]
[116, 5009]
[116, 5014]
[115, 5019]
[115, 5024]
[115, 5029]
[114, 5034]
[115, 5039]
[114, 5044]
[115, 5049]
[115, 5054]
[119, 5059]
[116, 5064]
[117, 5069]
[115, 5074]
[120, 5079]
[114, 5084]
[114, 5089]
[114, 5094]
[120, 5099]
[114, 5104]
[114, 5109]
[114, 5114]
[113, 5119]
[113, 5124]
[113, 5129]
[113, 5134]
[114, 5139]
[114, 5144]
[115, 5149]
[116, 5154]
[113, 5159]
[114, 5164]
[116, 5169]
[114, 5174]
[114, 5179]
[114, 5184]
[113, 5189]
[113, 5194]
[116, 5199]
[121, 5204]
[119, 5209]
[120, 5215]
[120, 5220]
[119, 5225]
[120, 5230]
[120, 5235]
[113, 5240]
[120, 5245]
[112, 5250]
[123, 5255]
[120, 5260]
[121, 5265]
[120, 5270]
[122, 5275]
[122, 5281]
[122, 5286]
[122, 5291]
[121, 5296]
[121, 5302]
[124, 5307]
[123, 5312]
[123, 5318]
[124, 5323]
[112, 5328]
[123, 5333]
[122, 5338]
[122, 5343]
[114, 5348]
[119, 5353]
[114, 5358]
[119, 5364]
[119, 5369]
[118, 5374]
[119, 5379]
[115, 5384]
[113, 5389]
[113, 5394]
[113, 5400]
[117, 5405]
[121, 5410]
[119, 5415]
[121, 5420]
[117, 5425]
[116, 5430]
[120, 5435]
[120, 5440]
[120, 5445]
[119, 5450]
[120, 5455]
[118, 5460]
[115, 5465]
[118, 5470]
[115, 5475]
[115, 5481]
[115, 5486]
[118, 5491]
[116, 5496]
[116, 5501]
[120, 5506]
[117, 5511]
[116, 5516]
[118, 5521]
[116, 5526]
[117, 5531]
[114, 5536]
[113, 5541]
[114, 5546]
[114, 5551]
[115, 5556]
[115, 5561]
[115, 5566]
[117, 5571]
[116, 5576]
[117, 5581]
[114, 5586]
[115, 5591]
[114, 5596]
[114, 5602]
[114, 5607]
[114, 5612]
[114, 5617]
[113, 5622]
[113, 5627]
[113, 5633]
[113, 5638]
[113, 5643]
[116, 5648]
[118, 5653]
[113, 5658]
[118, 5663]
[119, 5668]
[121, 5673]
[119, 5678]
[119, 5683]
[122, 5688]
[112, 5693]
[112, 5698]
[114, 5703]
[114, 5708]
[112, 5713]
[112, 5718]
[113, 5723]
[114, 5728]
[113, 5733]
[113, 5738]
[112, 5743]
[117, 5748]
[112, 5753]
[113, 5758]
[113, 5763]
[123, 5768]
[123, 5773]
[117, 5778]
[114, 5783]
[116, 5788]
[114, 5793]
[116, 5798]
[122, 5803]
[114, 5808]
[117, 5813]
[118, 5818]
[118, 5823]
[116, 5828]
[117, 5833]
[117, 5838]
[116, 5843]
[118, 5849]
[117, 5854]
[117, 5859]
[115, 5864]
[117, 5869]
[118, 5874]
[121, 5879]
[121, 5884]
[116, 5889]
[119, 5894]
[121, 5899]
[121, 5904]
[119, 5909]
[119, 5914]
[120, 5919]
[120, 5924]
[121, 5929]
[120, 5935]
[120, 5940]
[117, 5945]
[119, 5950]
[120, 5955]
[120, 5960]
[118, 5965]
[122, 5970]
[115, 5974]
[115, 5980]
[115, 5985]
[115, 5990]
[115, 5996]
[114, 6001]
[114, 6006]
[114, 6012]
[124, 6017]
[114, 6021]
[114, 6027]
[124, 6031]
[124, 6036]
[113, 6041]
[123, 6046]
[116, 6051]
[114, 6056]
[115, 6061]
[117, 6066]
[117, 6071]
[125, 6076]
[123, 6081]
[122, 6086]
[123, 6091]
[122, 6096]
[123, 6101]
[123, 6106]
[122, 6111]
[121, 6116]
[122, 6121]
[122, 6126]
[116, 6131]
[124, 6136]
[116, 6141]
[115, 6146]
[115, 6151]
[126, 6156]
[117, 6161]
[120, 6166]
[120, 6172]
[121, 6177]
[117, 6182]
[118, 6187]
[122, 6192]
[116, 6197]
[123, 6202]
[116, 6207]
[118, 6212]
[119, 6217]
[123, 6222]
[122, 6227]
[120, 6233]
[119, 6238]
[116, 6243]
[116, 6248]
[117, 6253]
[118, 6258]
[122, 6263]
[117, 6268]
[116, 6273]
[120, 6278]
[117, 6283]
[119, 6288]
[119, 6293]
[116, 6298]
[114, 6303]
[118, 6308]
[117, 6313]
[116, 6318]
[116, 6323]
[115, 6328]
[116, 6333]
[121, 6338]
[118, 6343]
[124, 6348]
[120, 6353]
[116, 6358]
[122, 6363]
[120, 6368]
[120, 6373]
[120, 6378]
[122, 6383]
[124, 6388]
[124, 6393]
[123, 6399]
[123, 6404]
[121, 6409]
[125, 6414]
[120, 6419]
[124, 6424]
[120, 6429]
[119, 6434]
[120, 6439]
[120, 6444]
[120, 6449]
[120, 6454]
[119, 6459]
[118, 6464]
[119, 6469]
[118, 6474]
[119, 6479]
[121, 6484]
[119, 6489]
[121, 6494]
[120, 6499]
[119, 6504]
[119, 6510]
[121, 6515]
[120, 6520]
[121, 6525]
[121, 6530]
[119, 6535]
[122, 6540]
[120, 6545]
[121, 6550]
[121, 6555]
[118, 6560]
[117, 6565]
[121, 6570]
[117, 6575]
[119, 6580]
[117, 6585]
[117, 6590]
[121, 6595]
[117, 6600]
[120, 6605]
[123, 6610]
[120, 6615]
[119, 6620]
[119, 6625]
[114, 6630]
[119, 6635]
[119, 6640]
[120, 6645]
[120, 6650]
[118, 6655]
[118, 6661]
[119, 6665]
[119, 6671]
[119, 6676]
[120, 6681]
[120, 6686]
[121, 6691]
[117, 6696]
[121, 6701]
[116, 6706]
[121, 6711]
[115, 6716]
[115, 6721]
[115, 6726]
[114, 6731]
[119, 6736]
[121, 6741]
[120, 6746]
[121, 6751]
[120, 6756]
[121, 6761]
[121, 6766]
[122, 6771]
[121, 6776]
[122, 6782]
[123, 6787]
[120, 6792]
[123, 6797]
[124, 6802]
[124, 6807]
[121, 6813]
[120, 6818]
[125, 6823]
[120, 6828]
[120, 6833]
[118, 6838]
[123, 6843]
[122, 6848]
[119, 6853]
[123, 6858]
[121, 6863]
[121, 6868]
[121, 6873]
[120, 6878]
[122, 6883]
[121, 6888]
[119, 6893]
[124, 6898]
[120, 6903]
[123, 6908]
[123, 6913]
[123, 6918]
[124, 6923]
[119, 6928]
[119, 6933]
[119, 6938]
[123, 6943]
[123, 6948]
[120, 6953]
[119, 6958]
[119, 6963]
[119, 6968]
[123, 6973]
[120, 6978]
[119, 6983]
[119, 6988]
[123, 6993]
[122, 6998]
[119, 7003]
[121, 7008]
[120, 7013]
[118, 7018]
[118, 7023]
[120, 7028]
[118, 7033]
[119, 7038]
[121, 7043]
[122, 7048]
[123, 7053]
[125, 7058]
[117, 7063]
[116, 7068]
[120, 7073]
[125, 7078]
[120, 7083]
[124, 7088]
[118, 7093]
[119, 7098]
[114, 7103]
[120, 7108]
[114, 7113]
[121, 7118]
[124, 7123]
[116, 7128]
[124, 7133]
[125, 7138]
[114, 7142]
[114, 7148]
[122, 7153]
[123, 7158]
[125, 7163]
[123, 7168]
[125, 7173]
[122, 7178]
[122, 7183]
[125, 7188]
[124, 7193]
[123, 7198]
[123, 7203]
[123, 7208]
[125, 7213]
[126, 7218]
[125, 7223]
[125, 7228]
[123, 7233]
[122, 7238]
[125, 7243]
[123, 7248]
[122, 7253]
[121, 7259]
[122, 7264]
[118, 7269]
[119, 7274]
[120, 7279]
[121, 7284]
[120, 7289]
[120, 7294]
[119, 7300]
[121, 7305]
[119, 7310]
[121, 7315]
[121, 7320]
[121, 7325]
[123, 7330]
[119, 7335]
[123, 7340]
[120, 7345]
[120, 7350]
[120, 7355]
[124, 7360]
[121, 7365]
[123, 7370]
[121, 7375]
[121, 7380]
[121, 7385]
[120, 7390]
[123, 7395]
[121, 7401]
[122, 7406]
[122, 7411]
[123, 7416]
[122, 7421]
[123, 7426]
[122, 7431]
[125, 7436]
[124, 7442]
[125, 7447]
[125, 7452]
[123, 7457]
[123, 7462]
[124, 7467]
[123, 7472]
[124, 7477]
[125, 7482]
[123, 7488]
[123, 7493]
[123, 7498]
[125, 7503]
[123, 7508]
[124, 7513]
[120, 7518]
[120, 7523]
[119, 7528]
[122, 7533]
[125, 7538]
[120, 7543]
[123, 7548]
[120, 7553]
[123, 7558]
[122, 7563]
[122, 7568]
[122, 7573]
[123, 7578]
[119, 7583]
[115, 7588]
[126, 7593]
[117, 7597]
[114, 7603]
[117, 7608]
[113, 7613]
[114, 7619]
[113, 7624]
[125, 7629]
[113, 7634]
[125, 7639]
[113, 7643]
[113, 7649]
[113, 7654]
[112, 7659]
[113, 7665]
[113, 7670]
[112, 7675]
[112, 7680]
[112, 7685]
[113, 7690]
[112, 7695]
[126, 7700]
[112, 7705]
[113, 7710]
[126, 7714]
[113, 7719]
[113, 7724]
[112, 7729]
[111, 7734]
[113, 7739]
[109, 7739]
[112, 7744]
[109, 7749]
[109, 7754]
[109, 7759]
[109, 7764]
[115, 7769]
[107, 7774]
[110, 7779]
[111, 7784]
[117, 7789]
[112, 7794]
[110, 7799]
[111, 7804]
[116, 7809]
[117, 7814]
[117, 7819]
[109, 7824]
[112, 7829]
[113, 7834]
[108, 7839]
[114, 7844]
[113, 7849]
[115, 7854]
[113, 7859]
[106, 7864]
[107, 7869]
[110, 7874]
[112, 7879]
[110, 7884]
[107, 7889]
[110, 7894]
[107, 7899]
[115, 7904]
[107, 7909]
[112, 7914]
[112, 7919]
[107, 7924]
[110, 7929]
[114, 7934]
[114, 7939]
[107, 7944]
[113, 7949]
[105, 7954]
[113, 7959]
[113, 7964]
[109, 7969]
[111, 7974]
[107, 7979]
[107, 7984]
[110, 7989]
[107, 7994]
[104, 7999]
[112, 8004]
[112, 8009]
[111, 8014]
[107, 8019]
[108, 8024]
[110, 8029]
[113, 8034]
[107, 8039]
[108, 8044]
[113, 8049]
[104, 8054]
[110, 8059]
[103, 8064]
[111, 8069]
[103, 8074]
[103, 8079]
[110, 8084]
