[219, 0]
[211, 5]
[210, 10]
[210, 15]
[211, 20]
[210, 25]
[212, 30]
[212, 35]
[211, 40]
[210, 45]
[212, 50]
[212, 55]
[212, 60]
[212, 65]
[212, 70]
[212, 75]
[210, 80]
[212, 85]
[210, 90]
[211, 95]
[210, 100]
[211, 105]
[210, 110]
[210, 115]
[211, 120]
[210, 125]
[211, 130]
[211, 135]
[211, 140]
[211, 145]
[211, 150]
[212, 155]
[211, 160]
[211, 165]
[211, 170]
[212, 175]
[212, 180]
[211, 185]
[212, 190]
[212, 195]
[212, 200]
[212, 205]
[212, 210]
[212, 215]
[212, 220]
[212, 225]
[212, 230]
[212, 235]
[212, 240]
[212, 245]
[213, 250]
[213, 255]
[213, 260]
[213, 265]
[213, 270]
[213, 275]
[215, 280]
[216, 285]
[216, 291]
[217, 296]
[217, 301]
[217, 306]
[218, 311]
[218, 317]
[219, 322]
[219, 327]
[219, 333]
[219, 338]
[220, 343]
[220, 348]
[220, 354]
[221, 359]
[221, 364]
[221, 370]
[222, 375]
[222, 380]
[222, 386]
[222, 391]
[223, 396]
[223, 402]
[223, 407]
[223, 412]
[223, 418]
[223, 423]
[223, 428]
[223, 434]
[223, 439]
[224, 444]
[223, 449]
[223, 454]
[223, 459]
[223, 464]
[223, 470]
[222, 475]
[222, 480]
[223, 485]
[222, 490]
[222, 495]
[222, 500]
[222, 505]
[222, 510]
[222, 515]
[221, 520]
[221, 525]
[221, 530]
[221, 535]
[221, 540]
[221, 545]
[221, 550]
[221, 555]
[221, 560]
[221, 565]
[220, 570]
[220, 575]
[220, 580]
[220, 585]
[220, 590]
[220, 595]
[220, 600]
[220, 605]
[220, 610]
[221, 615]
[221, 620]
[221, 625]
[221, 630]
[221, 635]
[221, 640]
[222, 645]
[222, 650]
[222, 655]
[222, 660]
[222, 665]
[222, 670]
[222, 675]
[222, 680]
[222, 685]
[222, 690]
[223, 695]
[223, 700]
[223, 705]
[223, 710]
[223, 715]
[223, 720]
[223, 725]
[223, 730]
[222, 735]
[223, 740]
[222, 745]
[222, 750]
[222, 755]
[222, 760]
[222, 765]
[222, 770]
[222, 775]
[223, 780]
[221, 785]
[221, 790]
[222, 795]
[222, 800]
[221, 805]
[222, 810]
[221, 815]
[221, 820]
[220, 825]
[220, 830]
[220, 835]
[220, 840]
[220, 845]
[220, 850]
[220, 856]
[220, 861]
[220, 866]
[220, 871]
[220, 876]
[220, 881]
[220, 886]
[220, 891]
[220, 896]
[220, 901]
[220, 906]
[220, 911]
[219, 916]
[220, 921]
[220, 926]
[220, 931]
[220, 936]
[220, 941]
[220, 946]
[220, 951]
[221, 956]
[220, 961]
[220, 966]
[221, 971]
[220, 976]
[220, 981]
[221, 986]
[221, 991]
[221, 996]
[221, 1001]
[221, 1006]
[220, 1011]
[221, 1016]
[220, 1021]
[221, 1026]
[221, 1031]
[221, 1036]
[221, 1041]
[221, 1046]
[221, 1051]
[221, 1056]
[221, 1061]
[221, 1066]
[221, 1071]
[221, 1076]
[221, 1081]
[221, 1086]
[221, 1091]
[221, 1096]
[221, 1101]
[221, 1106]
[221, 1111]
[220, 1116]
[220, 1121]
[220, 1126]
[219, 1131]
[219, 1136]
[219, 1141]
[219, 1146]
[219, 1151]
[219, 1156]
[219, 1161]
[219, 1166]
[219, 1171]
[219, 1176]
[219, 1181]
[219, 1186]
[219, 1191]
[219, 1196]
[219, 1201]
[219, 1206]
[219, 1211]
[218, 1216]
[218, 1221]
[218, 1226]
[218, 1232]
[218, 1237]
[218, 1242]
[218, 1247]
[218, 1252]
[218, 1257]
[218, 1262]
[218, 1267]
[218, 1272]
[218, 1277]
[218, 1282]
[218, 1287]
[218, 1292]
[218, 1297]
[218, 1302]
[218, 1307]
[218, 1312]
[219, 1317]
[219, 1322]
[219, 1327]
[219, 1332]
[219, 1337]
[219, 1342]
[219, 1347]
[219, 1352]
[219, 1357]
[219, 1362]
[219, 1367]
[219, 1372]
[219, 1377]
[219, 1382]
[219, 1387]
[219, 1392]
[219, 1397]
[219, 1402]
[219, 1407]
[219, 1412]
[219, 1417]
[219, 1422]
[219, 1427]
[219, 1432]
[220, 1437]
[220, 1442]
[220, 1447]
[220, 1452]
[220, 1457]
[221, 1462]
[221, 1467]
[221, 1472]
[221, 1477]
[221, 1482]
[221, 1487]
[220, 1492]
[220, 1497]
[221, 1502]
[221, 1507]
[220, 1512]
[220, 1517]
[220, 1522]
[219, 1527]
[219, 1532]
[219, 1537]
[219, 1542]
[219, 1547]
[218, 1552]
[218, 1557]
[219, 1562]
[219, 1567]
[219, 1572]
[218, 1577]
[218, 1582]
[218, 1587]
[218, 1592]
[218, 1597]
[218, 1602]
[218, 1607]
[218, 1612]
[218, 1617]
[218, 1622]
[218, 1627]
[218, 1632]
[218, 1637]
[218, 1642]
[218, 1647]
[218, 1652]
[218, 1657]
[218, 1662]
[218, 1667]
[218, 1672]
[218, 1678]
[218, 1683]
[218, 1688]
[218, 1693]
[218, 1698]
[217, 1703]
[217, 1708]
[219, 1713]
[217, 1718]
[219, 1723]
[218, 1728]
[219, 1733]
[219, 1738]
[219, 1743]
[219, 1748]
[220, 1753]
[220, 1758]
[220, 1763]
[221, 1768]
[221, 1773]
[221, 1778]
[221, 1783]
[220, 1788]
[219, 1793]
[220, 1798]
[220, 1803]
[221, 1808]
[222, 1813]
[222, 1818]
[222, 1823]
[222, 1828]
[217, 1833]
[222, 1838]
[221, 1843]
[216, 1848]
[216, 1853]
[215, 1858]
[216, 1863]
[215, 1868]
[215, 1873]
[215, 1879]
[216, 1884]
[219, 1889]
[218, 1894]
[215, 1899]
[215, 1904]
[219, 1909]
[217, 1914]
[218, 1919]
[219, 1924]
[218, 1929]
[219, 1934]
[217, 1939]
[217, 1944]
[218, 1949]
[219, 1954]
[218, 1959]
[219, 1964]
[217, 1969]
[219, 1974]
[218, 1979]
[217, 1984]
[218, 1989]
[217, 1994]
[218, 1999]
[218, 2004]
[218, 2009]
[218, 2014]
[218, 2019]
[218, 2024]
[218, 2029]
[218, 2034]
[218, 2039]
[218, 2044]
[218, 2049]
[217, 2054]
[217, 2059]
[217, 2064]
[217, 2069]
[217, 2074]
[218, 2079]
[216, 2084]
[218, 2089]
[216, 2094]
[216, 2099]
[216, 2104]
[215, 2109]
[215, 2114]
[215, 2120]
[214, 2125]
[214, 2130]
[214, 2135]
[214, 2140]
[214, 2145]
[213, 2150]
[213, 2155]
[213, 2160]
[214, 2165]
[213, 2171]
[214, 2176]
[215, 2181]
[215, 2186]
[214, 2191]
[216, 2196]
[213, 2201]
[214, 2206]
[215, 2211]
[214, 2216]
[214, 2221]
[214, 2226]
[214, 2231]
[214, 2236]
[213, 2241]
[214, 2246]
[214, 2251]
[214, 2256]
[214, 2261]
[213, 2266]
[214, 2271]
[214, 2276]
[214, 2281]
[214, 2286]
[214, 2291]
[214, 2296]
[214, 2301]
[214, 2306]
[214, 2311]
[214, 2316]
[214, 2321]
[214, 2326]
[215, 2331]
[215, 2336]
[215, 2341]
[215, 2346]
[215, 2351]
[215, 2356]
[215, 2361]
[215, 2366]
[215, 2371]
[215, 2376]
[215, 2381]
[215, 2386]
[215, 2391]
[215, 2396]
[216, 2401]
[216, 2406]
[216, 2411]
[216, 2416]
[216, 2421]
[216, 2426]
[217, 2431]
[217, 2436]
[217, 2441]
[217, 2446]
[217, 2451]
[217, 2456]
[217, 2461]
[217, 2466]
[217, 2471]
[217, 2476]
[217, 2481]
[217, 2486]
[217, 2491]
[217, 2497]
[217, 2502]
[217, 2507]
[217, 2512]
[217, 2517]
[217, 2522]
[218, 2527]
[218, 2532]
[218, 2537]
[219, 2542]
[219, 2547]
[220, 2552]
[219, 2557]
[220, 2562]
[220, 2567]
[220, 2572]
[220, 2577]
[220, 2582]
[220, 2587]
[220, 2592]
[220, 2597]
[220, 2602]
[220, 2607]
[221, 2613]
[221, 2618]
[221, 2623]
[221, 2628]
[220, 2633]
[221, 2638]
[221, 2643]
[220, 2648]
[220, 2653]
[220, 2658]
[221, 2663]
[218, 2668]
[222, 2673]
[221, 2678]
[218, 2683]
[220, 2688]
[217, 2693]
[216, 2698]
[217, 2703]
[217, 2708]
[216, 2713]
[216, 2719]
[215, 2724]
[215, 2729]
[215, 2734]
[215, 2739]
[215, 2745]
[214, 2750]
[214, 2755]
[214, 2760]
[214, 2765]
[214, 2771]
[213, 2776]
[213, 2781]
[214, 2786]
[214, 2791]
[215, 2797]
[214, 2802]
[214, 2807]
[214, 2812]
[214, 2817]
[214, 2822]
[214, 2827]
[214, 2832]
[214, 2837]
[214, 2842]
[215, 2847]
[215, 2852]
[215, 2857]
[215, 2862]
[215, 2867]
[215, 2872]
[215, 2877]
[215, 2882]
[215, 2887]
[215, 2892]
[215, 2897]
[215, 2902]
[215, 2907]
[215, 2912]
[215, 2917]
[215, 2922]
[215, 2927]
[215, 2932]
[215, 2937]
[215, 2942]
[215, 2947]
[215, 2952]
[215, 2957]
[216, 2962]
[216, 2967]
[216, 2972]
[216, 2977]
[216, 2982]
[216, 2987]
[216, 2992]
[216, 2997]
[216, 3002]
[215, 3007]
[216, 3012]
[217, 3017]
[217, 3022]
[217, 3027]
[217, 3032]
[218, 3037]
[218, 3042]
[218, 3047]
[218, 3052]
[219, 3058]
[219, 3063]
[219, 3068]
[219, 3073]
[219, 3078]
[220, 3083]
[220, 3088]
[221, 3093]
[221, 3098]
[221, 3103]
[221, 3109]
[221, 3114]
[222, 3119]
[222, 3124]
[222, 3129]
[222, 3134]
[223, 3139]
[214, 3144]
[213, 3149]
[213, 3154]
[213, 3159]
[213, 3165]
[213, 3170]
[213, 3175]
[213, 3180]
[213, 3185]
[213, 3190]
[213, 3195]
[213, 3201]
[213, 3206]
[212, 3211]
[212, 3216]
[212, 3221]
[212, 3226]
[212, 3231]
[212, 3236]
[212, 3242]
[212, 3247]
[212, 3252]
[212, 3257]
[212, 3262]
[212, 3267]
[212, 3273]
[212, 3278]
[212, 3283]
[213, 3288]
[213, 3293]
[213, 3298]
[213, 3303]
[213, 3308]
[213, 3313]
[214, 3318]
[214, 3323]
[214, 3328]
[214, 3333]
[214, 3338]
[214, 3343]
[214, 3348]
[214, 3353]
[214, 3358]
[214, 3363]
[214, 3368]
[215, 3373]
[214, 3378]
[215, 3383]
[215, 3388]
[215, 3393]
[215, 3398]
[215, 3403]
[215, 3408]
[215, 3413]
[215, 3418]
[215, 3423]
[215, 3428]
[215, 3433]
[216, 3438]
[216, 3443]
[215, 3448]
[215, 3453]
[215, 3458]
[215, 3463]
[215, 3468]
[215, 3473]
[215, 3478]
[215, 3483]
[215, 3488]
[215, 3493]
[215, 3498]
[215, 3503]
[215, 3508]
[215, 3513]
[215, 3518]
[215, 3523]
[214, 3528]
[214, 3533]
[214, 3538]
[214, 3543]
[214, 3548]
[214, 3553]
[214, 3558]
[214, 3564]
[214, 3569]
[214, 3574]
[213, 3579]
[213, 3584]
[213, 3589]
[213, 3594]
[213, 3599]
[213, 3604]
[213, 3609]
[212, 3614]
[212, 3619]
[212, 3624]
[212, 3629]
[212, 3634]
[212, 3639]
[212, 3644]
[212, 3649]
[212, 3654]
[212, 3659]
[212, 3664]
[212, 3669]
[212, 3674]
[212, 3679]
[212, 3684]
[212, 3689]
[212, 3694]
[213, 3699]
[212, 3704]
[212, 3709]
[212, 3714]
[213, 3719]
[212, 3724]
[212, 3729]
[212, 3734]
[213, 3739]
[213, 3744]
[213, 3749]
[213, 3754]
[213, 3759]
[213, 3764]
[213, 3769]
[213, 3774]
[213, 3779]
[213, 3784]
[213, 3789]
[213, 3794]
[213, 3799]
[213, 3804]
[213, 3809]
[213, 3814]
[214, 3819]
[214, 3824]
[213, 3829]
[213, 3834]
[213, 3839]
[213, 3844]
[213, 3849]
[213, 3854]
[213, 3859]
[213, 3864]
[214, 3869]
[214, 3874]
[214, 3879]
[214, 3884]
[214, 3889]
[214, 3894]
[214, 3899]
[214, 3904]
[215, 3909]
[215, 3914]
[215, 3919]
[215, 3924]
[215, 3929]
[216, 3934]
[216, 3940]
[216, 3945]
[216, 3950]
[217, 3955]
[217, 3960]
[217, 3965]
[218, 3970]
[218, 3975]
[218, 3980]
[218, 3985]
[219, 3990]
[219, 3995]
[219, 4001]
[220, 4006]
[220, 4011]
[220, 4016]
[221, 4021]
[221, 4027]
[221, 4032]
[221, 4037]
[222, 4042]
[222, 4047]
[222, 4053]
[222, 4058]
[223, 4063]
[223, 4068]
[223, 4074]
[223, 4079]
[223, 4084]
[224, 4089]
[224, 4095]
[224, 4100]
[224, 4105]
[224, 4110]
[224, 4115]
[224, 4121]
[224, 4126]
[224, 4131]
[225, 4136]
[225, 4141]
[225, 4146]
[225, 4151]
[225, 4157]
[225, 4162]
[225, 4167]
[224, 4172]
[225, 4177]
[225, 4182]
[224, 4187]
[224, 4192]
[224, 4197]
[224, 4202]
[224, 4207]
[224, 4212]
[223, 4217]
[223, 4222]
[223, 4227]
[223, 4232]
[222, 4237]
[222, 4242]
[222, 4247]
[222, 4252]
[222, 4257]
[222, 4262]
[221, 4267]
[221, 4272]
[221, 4277]
[221, 4282]
[221, 4287]
[220, 4292]
[220, 4297]
[220, 4302]
[219, 4308]
[219, 4313]
[219, 4318]
[219, 4323]
[218, 4328]
[218, 4333]
[218, 4338]
[218, 4344]
[217, 4349]
[217, 4354]
[217, 4359]
[217, 4364]
[217, 4369]
[217, 4374]
[217, 4380]
[217, 4385]
[217, 4390]
[217, 4395]
[217, 4400]
[217, 4405]
[217, 4410]
[218, 4415]
[217, 4420]
[217, 4425]
[217, 4430]
[217, 4435]
[218, 4440]
[219, 4445]
[219, 4450]
[219, 4455]
[219, 4460]
[220, 4465]
[220, 4470]
[221, 4475]
[221, 4480]
[222, 4486]
[221, 4491]
[222, 4496]
[222, 4501]
[222, 4506]
[222, 4511]
[222, 4516]
[222, 4521]
[222, 4526]
[223, 4531]
[223, 4537]
[223, 4542]
[223, 4547]
[223, 4552]
[223, 4557]
[223, 4562]
[223, 4567]
[223, 4573]
[223, 4578]
[223, 4583]
[223, 4588]
[223, 4593]
[223, 4598]
[223, 4603]
[223, 4608]
[223, 4613]
[223, 4618]
[223, 4623]
[222, 4628]
[223, 4633]
[222, 4638]
[222, 4643]
[222, 4648]
[222, 4653]
[222, 4658]
[222, 4663]
[222, 4668]
[221, 4673]
[221, 4678]
[221, 4683]
[221, 4688]
[221, 4693]
[221, 4698]
[221, 4703]
[221, 4708]
[221, 4713]
[221, 4718]
[221, 4723]
[221, 4728]
[221, 4733]
[221, 4738]
[221, 4743]
[221, 4748]
[221, 4753]
[221, 4758]
[221, 4763]
[221, 4768]
[220, 4773]
[220, 4778]
[221, 4783]
[220, 4788]
[220, 4793]
[219, 4798]
[218, 4803]
[221, 4808]
[217, 4813]
[219, 4818]
[221, 4823]
[218, 4828]
[215, 4833]
[217, 4839]
[217, 4844]
[217, 4849]
[216, 4854]
[216, 4859]
[216, 4864]
[216, 4869]
[216, 4874]
[216, 4879]
[219, 4884]
[215, 4889]
[219, 4895]
[216, 4900]
[215, 4905]
[218, 4910]
[216, 4915]
[216, 4920]
[216, 4925]
[217, 4930]
[217, 4935]
[218, 4940]
[216, 4945]
[217, 4950]
[217, 4955]
[217, 4960]
[217, 4965]
[217, 4970]
[216, 4975]
[216, 4980]
[217, 4985]
[216, 4990]
[216, 4995]
[215, 5000]
[217, 5005]
[215, 5010]
[215, 5015]
[215, 5020]
[215, 5025]
[215, 5030]
[214, 5035]
[214, 5040]
[214, 5046]
[214, 5051]
[214, 5056]
[214, 5061]
[214, 5066]
[214, 5071]
[214, 5076]
[214, 5081]
[214, 5086]
[213, 5091]
[213, 5096]
[213, 5101]
[213, 5106]
[213, 5111]
[213, 5116]
[213, 5121]
[213, 5126]
[213, 5131]
[213, 5136]
[213, 5141]
[213, 5146]
[213, 5152]
[213, 5157]
[213, 5162]
[215, 5167]
[213, 5172]
[216, 5177]
[216, 5182]
[216, 5187]
[217, 5192]
[217, 5197]
[217, 5202]
[216, 5207]
[216, 5212]
[218, 5217]
[219, 5222]
[219, 5227]
[218, 5232]
[217, 5237]
[217, 5242]
[217, 5247]
[217, 5252]
[216, 5258]
[216, 5263]
[216, 5268]
[216, 5273]
[216, 5278]
[217, 5283]
[216, 5288]
[216, 5293]
[216, 5298]
[215, 5303]
[215, 5308]
[214, 5313]
[215, 5318]
[214, 5323]
[214, 5328]
[214, 5333]
[214, 5338]
[214, 5343]
[214, 5348]
[214, 5353]
[214, 5358]
[213, 5363]
[214, 5368]
[214, 5373]
[214, 5378]
[214, 5383]
[214, 5388]
[213, 5393]
[214, 5398]
[215, 5403]
[214, 5408]
[216, 5413]
[213, 5418]
[216, 5423]
[217, 5428]
[218, 5434]
[218, 5439]
[218, 5444]
[219, 5449]
[218, 5454]
[219, 5459]
[219, 5464]
[219, 5469]
[220, 5474]
[220, 5480]
[221, 5485]
[221, 5490]
[221, 5495]
[222, 5501]
[222, 5506]
[222, 5511]
[222, 5516]
[223, 5522]
[223, 5527]
[223, 5532]
[223, 5538]
[224, 5543]
[224, 5548]
[224, 5554]
[224, 5559]
[224, 5564]
[224, 5570]
[224, 5575]
[225, 5580]
[225, 5585]
[225, 5590]
[225, 5596]
[225, 5601]
[225, 5606]
[225, 5611]
[225, 5616]
[225, 5621]
[225, 5626]
[225, 5631]
[225, 5636]
[224, 5641]
[225, 5646]
[225, 5651]
[225, 5656]
[225, 5661]
[225, 5666]
[225, 5671]
[225, 5677]
[225, 5682]
[225, 5687]
[225, 5692]
[225, 5697]
[225, 5702]
[225, 5707]
[225, 5712]
[215, 5716]
[215, 5722]
[213, 5727]
[214, 5733]
[216, 5738]
[216, 5744]
[216, 5749]
[217, 5754]
[214, 5760]
[216, 5765]
[216, 5770]
[216, 5776]
[219, 5781]
[218, 5786]
[218, 5791]
[219, 5796]
[218, 5801]
[219, 5806]
[218, 5811]
[217, 5817]
[218, 5822]
[218, 5827]
[218, 5832]
[218, 5838]
[218, 5843]
[218, 5848]
[219, 5853]
[219, 5858]
[219, 5864]
[219, 5869]
[219, 5874]
[220, 5879]
[220, 5884]
[219, 5889]
[220, 5895]
[218, 5900]
[217, 5905]
[220, 5910]
[217, 5915]
[220, 5920]
[217, 5925]
[216, 5930]
[217, 5935]
[217, 5940]
[217, 5945]
[217, 5950]
[216, 5955]
[215, 5960]
[215, 5965]
[216, 5970]
[215, 5975]
[216, 5980]
[215, 5985]
[216, 5990]
[216, 5995]
[216, 6000]
[216, 6005]
[216, 6010]
[215, 6015]
[215, 6020]
[216, 6025]
[217, 6030]
[217, 6036]
[216, 6040]
[215, 6046]
[217, 6051]
[217, 6056]
[217, 6061]
[218, 6066]
[217, 6071]
[217, 6076]
[218, 6081]
[218, 6086]
[218, 6091]
[218, 6096]
[218, 6101]
[218, 6106]
[218, 6111]
[218, 6116]
[218, 6121]
[218, 6126]
[218, 6131]
[218, 6136]
[218, 6141]
[218, 6146]
[217, 6151]
[217, 6156]
[218, 6161]
[217, 6166]
[218, 6171]
[217, 6176]
[217, 6181]
[217, 6186]
[217, 6191]
[217, 6196]
[217, 6201]
[217, 6206]
[217, 6211]
[217, 6216]
[217, 6221]
[217, 6226]
[217, 6231]
[217, 6236]
[217, 6241]
[217, 6246]
[217, 6251]
[217, 6256]
[217, 6261]
[217, 6266]
[217, 6271]
[217, 6276]
[217, 6281]
[217, 6286]
[217, 6291]
[217, 6296]
[217, 6301]
[217, 6306]
[217, 6311]
[217, 6316]
[217, 6321]
[217, 6326]
[218, 6331]
[218, 6336]
[218, 6341]
[218, 6346]
[218, 6351]
[219, 6356]
[219, 6361]
[219, 6366]
[219, 6371]
[219, 6376]
[219, 6381]
[219, 6386]
[219, 6391]
[219, 6396]
[219, 6401]
[219, 6406]
[219, 6411]
[219, 6416]
[219, 6421]
[219, 6426]
[219, 6431]
[219, 6436]
[219, 6441]
[219, 6447]
[220, 6452]
[220, 6457]
[220, 6462]
[219, 6467]
[219, 6472]
[220, 6477]
[220, 6482]
[220, 6487]
[220, 6492]
[220, 6497]
[220, 6502]
[220, 6507]
[220, 6512]
[220, 6517]
[220, 6522]
[220, 6527]
[220, 6532]
[221, 6537]
[221, 6542]
[221, 6547]
[221, 6552]
[221, 6557]
[221, 6562]
[221, 6567]
[222, 6572]
[222, 6577]
[222, 6582]
[222, 6587]
[222, 6592]
[222, 6597]
[223, 6602]
[223, 6607]
[223, 6612]
[223, 6617]
[223, 6622]
[223, 6627]
[223, 6632]
[223, 6637]
[223, 6642]
[223, 6647]
[222, 6653]
[223, 6658]
[223, 6663]
[222, 6668]
[223, 6673]
[222, 6678]
[223, 6683]
[222, 6688]
[223, 6693]
[221, 6698]
[221, 6703]
[221, 6708]
[221, 6713]
[221, 6718]
[220, 6723]
[220, 6728]
[222, 6733]
[222, 6738]
[222, 6743]
[222, 6748]
[221, 6753]
[222, 6758]
[222, 6763]
[221, 6768]
[222, 6773]
[222, 6778]
[222, 6783]
[222, 6788]
[222, 6793]
[222, 6798]
[222, 6803]
[222, 6808]
[222, 6813]
[222, 6818]
[221, 6823]
[222, 6828]
[222, 6833]
[221, 6838]
[221, 6843]
[222, 6848]
[221, 6853]
[221, 6858]
[222, 6863]
[221, 6868]
[221, 6873]
[221, 6878]
[221, 6883]
[221, 6888]
[221, 6893]
[221, 6898]
[221, 6903]
[221, 6908]
[221, 6913]
[221, 6918]
[221, 6923]
[221, 6928]
[221, 6933]
[221, 6938]
[221, 6943]
[221, 6948]
[221, 6953]
[221, 6958]
[221, 6963]
[221, 6968]
[221, 6973]
[221, 6978]
[221, 6983]
[221, 6988]
[221, 6993]
[221, 6998]
[221, 7003]
[221, 7008]
[222, 7013]
[221, 7018]
[222, 7023]
[222, 7028]
[221, 7033]
[221, 7038]
[221, 7043]
[221, 7048]
[221, 7053]
[221, 7058]
[222, 7063]
[222, 7068]
[222, 7073]
[222, 7078]
[222, 7083]
[222, 7088]
[222, 7093]
[222, 7098]
[222, 7103]
[222, 7108]
[222, 7113]
[222, 7118]
[222, 7123]
[223, 7128]
[222, 7133]
[223, 7138]
[223, 7143]
[223, 7148]
[223, 7153]
[223, 7158]
[223, 7163]
[223, 7168]
[224, 7173]
[224, 7178]
[224, 7183]
[223, 7188]
[224, 7193]
[224, 7198]
[224, 7203]
[224, 7208]
[224, 7213]
[224, 7218]
[224, 7223]
[224, 7228]
[224, 7233]
[224, 7238]
[224, 7243]
[223, 7248]
[224, 7253]
[219, 7258]
[217, 7263]
[217, 7268]
[218, 7274]
[217, 7279]
[215, 7284]
[217, 7289]
[217, 7294]
[217, 7300]
[217, 7305]
[217, 7310]
[215, 7315]
[216, 7320]
[217, 7326]
[216, 7331]
[216, 7336]
[216, 7341]
[216, 7346]
[216, 7352]
[215, 7357]
[216, 7362]
[216, 7367]
[216, 7372]
[217, 7378]
[215, 7383]
[216, 7388]
[216, 7393]
[216, 7398]
[217, 7403]
[217, 7408]
[218, 7413]
[218, 7418]
[218, 7423]
[218, 7429]
[218, 7434]
[218, 7439]
[218, 7444]
[218, 7449]
[219, 7454]
[219, 7459]
[219, 7464]
[219, 7469]
[219, 7474]
[219, 7479]
[220, 7484]
[220, 7489]
[220, 7495]
[220, 7500]
[220, 7505]
[221, 7510]
[221, 7515]
[221, 7520]
[221, 7525]
[221, 7530]
[221, 7535]
[221, 7540]
[222, 7545]
[222, 7551]
[222, 7556]
[222, 7561]
[222, 7566]
[223, 7571]
[223, 7576]
[223, 7581]
[223, 7586]
[223, 7591]
[223, 7597]
[224, 7602]
[224, 7607]
[224, 7612]
[224, 7617]
[224, 7622]
[224, 7627]
[224, 7632]
[224, 7637]
[224, 7642]
[225, 7647]
[225, 7653]
[225, 7658]
[225, 7663]
[225, 7668]
[225, 7673]
[225, 7678]
[225, 7683]
[225, 7688]
[225, 7693]
[225, 7698]
[225, 7703]
[225, 7708]
[225, 7713]
[225, 7718]
[225, 7723]
[225, 7728]
[224, 7733]
[224, 7738]
[224, 7743]
[224, 7748]
[224, 7753]
[223, 7758]
[223, 7763]
[223, 7768]
[223, 7773]
[223, 7778]
[222, 7783]
[222, 7789]
[222, 7794]
[222, 7799]
[222, 7804]
[222, 7809]
[222, 7814]
[222, 7819]
[222, 7824]
[221, 7829]
[218, 7829]
[221, 7834]
[218, 7839]
[221, 7844]
[219, 7849]
[216, 7854]
[224, 7859]
[224, 7864]
[223, 7869]
[216, 7874]
[216, 7879]
[220, 7884]
[217, 7889]
[223, 7894]
[223, 7899]
[217, 7904]
[221, 7909]
[216, 7914]
[214, 7919]
[217, 7924]
[224, 7929]
[220, 7934]
[219, 7939]
[223, 7944]
[220, 7949]
[223, 7954]
[216, 7959]
[222, 7964]
[222, 7969]
[222, 7974]
[216, 7979]
[219, 7984]
[216, 7989]
[221, 7994]
[216, 7999]
[222, 8004]
[213, 8009]
[217, 8014]
[215, 8019]
[216, 8024]
[213, 8029]
[217, 8034]
[212, 8039]
[217, 8044]
[218, 8049]
[214, 8054]
[218, 8059]
[212, 8064]
[217, 8069]
