[319, 0]
[320, 5]
[320, 10]
[320, 15]
[320, 20]
[320, 25]
[320, 30]
[321, 35]
[321, 40]
[321, 45]
[321, 50]
[321, 55]
[321, 60]
[321, 65]
[321, 70]
[321, 75]
[322, 80]
[322, 85]
[322, 90]
[322, 95]
[322, 100]
[322, 105]
[322, 110]
[323, 115]
[323, 120]
[323, 125]
[323, 130]
[323, 136]
[324, 141]
[324, 146]
[324, 151]
[324, 156]
[324, 161]
[324, 166]
[324, 171]
[324, 176]
[324, 181]
[324, 186]
[324, 191]
[324, 197]
[324, 202]
[324, 207]
[324, 212]
[324, 217]
[324, 222]
[324, 227]
[324, 232]
[324, 237]
[324, 242]
[324, 247]
[324, 252]
[324, 257]
[324, 262]
[324, 267]
[323, 272]
[323, 277]
[323, 282]
[323, 287]
[323, 292]
[323, 297]
[323, 302]
[322, 307]
[322, 312]
[322, 317]
[322, 322]
[322, 327]
[322, 332]
[321, 337]
[321, 342]
[321, 347]
[321, 352]
[321, 357]
[320, 362]
[320, 367]
[320, 372]
[320, 378]
[320, 383]
[319, 388]
[319, 393]
[319, 398]
[319, 403]
[319, 408]
[319, 413]
[318, 418]
[318, 423]
[318, 428]
[318, 434]
[318, 439]
[317, 444]
[317, 449]
[317, 454]
[317, 459]
[317, 464]
[317, 469]
[317, 474]
[316, 480]
[316, 485]
[316, 490]
[316, 495]
[316, 500]
[316, 505]
[316, 510]
[316, 515]
[316, 520]
[316, 525]
[316, 530]
[316, 536]
[316, 541]
[316, 546]
[316, 551]
[316, 556]
[316, 561]
[316, 566]
[316, 571]
[317, 576]
[316, 581]
[317, 586]
[318, 591]
[319, 596]
[319, 601]
[319, 606]
[320, 611]
[320, 616]
[320, 621]
[321, 626]
[320, 631]
[321, 636]
[321, 641]
[321, 647]
[322, 652]
[322, 657]
[322, 662]
[322, 667]
[322, 672]
[322, 678]
[323, 683]
[323, 688]
[323, 693]
[323, 698]
[323, 703]
[323, 709]
[323, 714]
[323, 719]
[323, 724]
[323, 729]
[323, 734]
[323, 739]
[323, 744]
[323, 749]
[323, 755]
[323, 760]
[322, 765]
[323, 770]
[322, 775]
[322, 780]
[322, 785]
[322, 790]
[322, 795]
[322, 800]
[322, 805]
[321, 810]
[321, 815]
[321, 820]
[321, 825]
[321, 830]
[321, 835]
[321, 840]
[321, 845]
[321, 850]
[321, 855]
[321, 860]
[321, 865]
[321, 870]
[321, 875]
[321, 880]
[321, 885]
[321, 890]
[321, 895]
[320, 900]
[320, 905]
[320, 910]
[320, 915]
[320, 920]
[320, 925]
[320, 930]
[320, 935]
[320, 940]
[320, 945]
[320, 950]
[320, 955]
[321, 960]
[320, 965]
[320, 970]
[321, 975]
[321, 980]
[321, 985]
[321, 990]
[321, 995]
[321, 1000]
[321, 1005]
[321, 1010]
[321, 1015]
[321, 1020]
[321, 1025]
[321, 1030]
[321, 1035]
[321, 1040]
[321, 1045]
[321, 1050]
[321, 1055]
[321, 1060]
[321, 1065]
[321, 1070]
[321, 1075]
[321, 1080]
[321, 1085]
[321, 1090]
[321, 1095]
[321, 1100]
[321, 1105]
[321, 1110]
[321, 1115]
[321, 1120]
[321, 1125]
[321, 1130]
[321, 1135]
[321, 1140]
[321, 1145]
[321, 1150]
[321, 1155]
[321, 1160]
[321, 1165]
[321, 1170]
[321, 1175]
[322, 1180]
[322, 1185]
[322, 1190]
[322, 1195]
[322, 1200]
[322, 1205]
[322, 1210]
[322, 1215]
[322, 1220]
[322, 1225]
[322, 1230]
[322, 1235]
[322, 1240]
[322, 1245]
[322, 1250]
[322, 1255]
[322, 1260]
[322, 1265]
[322, 1270]
[322, 1275]
[322, 1280]
[321, 1285]
[321, 1290]
[321, 1295]
[321, 1300]
[321, 1305]
[321, 1310]
[321, 1315]
[321, 1320]
[321, 1325]
[321, 1330]
[321, 1335]
[320, 1340]
[320, 1345]
[320, 1350]
[320, 1355]
[320, 1360]
[320, 1365]
[320, 1370]
[320, 1375]
[320, 1380]
[320, 1385]
[319, 1390]
[319, 1395]
[319, 1400]
[319, 1405]
[319, 1410]
[319, 1415]
[319, 1420]
[319, 1426]
[319, 1431]
[319, 1436]
[319, 1441]
[319, 1446]
[319, 1451]
[319, 1456]
[319, 1461]
[319, 1466]
[318, 1471]
[318, 1476]
[318, 1481]
[318, 1486]
[318, 1491]
[318, 1496]
[318, 1501]
[318, 1506]
[318, 1511]
[318, 1516]
[318, 1521]
[318, 1526]
[317, 1531]
[317, 1536]
[317, 1541]
[317, 1546]
[317, 1551]
[317, 1556]
[317, 1561]
[317, 1566]
[317, 1571]
[317, 1576]
[317, 1581]
[317, 1586]
[317, 1591]
[317, 1596]
[317, 1601]
[317, 1606]
[317, 1611]
[317, 1616]
[317, 1621]
[316, 1626]
[316, 1631]
[316, 1636]
[316, 1641]
[316, 1646]
[316, 1651]
[316, 1656]
[316, 1661]
[316, 1666]
[316, 1671]
[316, 1676]
[316, 1681]
[317, 1686]
[317, 1691]
[317, 1696]
[317, 1701]
[317, 1706]
[317, 1711]
[317, 1716]
[317, 1721]
[317, 1726]
[317, 1731]
[317, 1736]
[317, 1741]
[317, 1746]
[317, 1751]
[317, 1756]
[317, 1761]
[317, 1766]
[317, 1771]
[317, 1776]
[317, 1781]
[317, 1786]
[317, 1791]
[317, 1796]
[317, 1801]
[317, 1806]
[317, 1811]
[316, 1816]
[316, 1821]
[316, 1826]
[316, 1831]
[316, 1836]
[316, 1841]
[316, 1846]
[316, 1851]
[316, 1856]
[316, 1861]
[316, 1866]
[316, 1871]
[316, 1876]
[316, 1882]
[316, 1887]
[316, 1892]
[316, 1897]
[316, 1902]
[316, 1907]
[316, 1912]
[316, 1917]
[316, 1922]
[316, 1927]
[316, 1932]
[316, 1937]
[317, 1942]
[317, 1947]
[317, 1952]
[317, 1957]
[317, 1962]
[317, 1967]
[317, 1972]
[317, 1977]
[317, 1982]
[317, 1987]
[318, 1992]
[318, 1997]
[318, 2002]
[318, 2007]
[318, 2012]
[318, 2017]
[318, 2022]
[318, 2027]
[318, 2032]
[318, 2037]
[318, 2042]
[318, 2047]
[318, 2052]
[318, 2057]
[318, 2062]
[317, 2067]
[317, 2072]
[317, 2077]
[317, 2082]
[317, 2087]
[317, 2092]
[317, 2097]
[316, 2102]
[316, 2107]
[316, 2112]
[316, 2117]
[316, 2122]
[316, 2127]
[320, 2132]
[316, 2137]
[321, 2142]
[320, 2147]
[321, 2152]
[319, 2157]
[322, 2162]
[322, 2167]
[322, 2172]
[323, 2177]
[323, 2182]
[323, 2187]
[323, 2192]
[323, 2198]
[323, 2203]
[324, 2208]
[324, 2213]
[324, 2218]
[324, 2223]
[324, 2229]
[324, 2234]
[324, 2239]
[325, 2244]
[325, 2249]
[325, 2254]
[325, 2260]
[325, 2265]
[325, 2270]
[325, 2275]
[325, 2280]
[324, 2285]
[326, 2290]
[326, 2295]
[324, 2301]
[323, 2306]
[323, 2311]
[323, 2316]
[323, 2321]
[323, 2326]
[322, 2331]
[322, 2336]
[322, 2341]
[322, 2346]
[322, 2351]
[321, 2356]
[321, 2361]
[321, 2366]
[321, 2371]
[320, 2376]
[320, 2381]
[320, 2386]
[319, 2392]
[319, 2397]
[319, 2402]
[318, 2407]
[318, 2412]
[317, 2417]
[317, 2423]
[317, 2428]
[316, 2433]
[316, 2438]
[316, 2444]
[316, 2449]
[315, 2454]
[315, 2460]
[315, 2465]
[315, 2470]
[314, 2475]
[314, 2481]
[314, 2486]
[314, 2491]
[314, 2497]
[314, 2502]
[314, 2507]
[314, 2512]
[314, 2517]
[314, 2523]
[314, 2528]
[314, 2533]
[314, 2538]
[314, 2543]
[314, 2548]
[314, 2553]
[314, 2558]
[314, 2563]
[314, 2568]
[314, 2573]
[315, 2578]
[315, 2583]
[315, 2588]
[315, 2593]
[315, 2598]
[316, 2603]
[316, 2608]
[316, 2613]
[316, 2618]
[316, 2623]
[316, 2628]
[316, 2633]
[316, 2639]
[316, 2644]
[316, 2649]
[316, 2654]
[316, 2659]
[316, 2664]
[315, 2669]
[315, 2674]
[315, 2679]
[315, 2684]
[315, 2689]
[315, 2694]
[315, 2699]
[314, 2704]
[314, 2709]
[314, 2714]
[314, 2719]
[314, 2724]
[314, 2729]
[314, 2734]
[314, 2739]
[313, 2744]
[313, 2749]
[313, 2754]
[313, 2759]
[313, 2764]
[313, 2769]
[313, 2774]
[313, 2779]
[313, 2784]
[313, 2789]
[313, 2794]
[313, 2799]
[313, 2804]
[313, 2809]
[313, 2814]
[313, 2819]
[314, 2824]
[314, 2829]
[314, 2834]
[314, 2839]
[314, 2844]
[314, 2849]
[315, 2854]
[315, 2859]
[315, 2864]
[315, 2869]
[315, 2874]
[315, 2879]
[315, 2884]
[316, 2889]
[316, 2894]
[316, 2899]
[316, 2904]
[316, 2909]
[316, 2914]
[316, 2919]
[316, 2924]
[316, 2930]
[316, 2935]
[316, 2940]
[316, 2945]
[316, 2950]
[316, 2955]
[316, 2960]
[316, 2965]
[316, 2970]
[316, 2975]
[316, 2980]
[316, 2985]
[317, 2990]
[317, 2995]
[317, 3000]
[317, 3005]
[317, 3010]
[317, 3015]
[317, 3020]
[317, 3025]
[317, 3030]
[318, 3035]
[318, 3040]
[318, 3045]
[318, 3050]
[318, 3055]
[318, 3060]
[319, 3065]
[319, 3070]
[319, 3075]
[319, 3080]
[319, 3085]
[319, 3090]
[319, 3095]
[320, 3100]
[320, 3105]
[320, 3110]
[320, 3116]
[320, 3121]
[320, 3126]
[320, 3131]
[320, 3136]
[320, 3141]
[320, 3146]
[321, 3151]
[321, 3156]
[321, 3161]
[321, 3166]
[321, 3171]
[321, 3176]
[321, 3181]
[321, 3186]
[321, 3191]
[321, 3197]
[322, 3202]
[322, 3207]
[322, 3212]
[322, 3217]
[322, 3222]
[322, 3227]
[322, 3232]
[322, 3237]
[322, 3242]
[322, 3247]
[322, 3252]
[322, 3257]
[322, 3262]
[322, 3267]
[322, 3272]
[322, 3277]
[322, 3282]
[322, 3287]
[322, 3292]
[322, 3297]
[322, 3302]
[322, 3307]
[322, 3312]
[322, 3317]
[322, 3322]
[322, 3327]
[322, 3332]
[322, 3337]
[322, 3342]
[322, 3347]
[322, 3352]
[321, 3357]
[321, 3362]
[321, 3367]
[321, 3372]
[321, 3377]
[320, 3382]
[320, 3387]
[320, 3392]
[320, 3397]
[319, 3402]
[319, 3407]
[319, 3412]
[319, 3417]
[319, 3422]
[318, 3428]
[318, 3433]
[318, 3438]
[318, 3443]
[318, 3448]
[317, 3453]
[317, 3458]
[317, 3463]
[317, 3468]
[317, 3473]
[317, 3479]
[317, 3484]
[317, 3489]
[317, 3494]
[317, 3499]
[317, 3504]
[317, 3509]
[317, 3514]
[317, 3519]
[317, 3524]
[318, 3529]
[318, 3534]
[318, 3539]
[318, 3544]
[318, 3549]
[318, 3554]
[319, 3559]
[319, 3564]
[319, 3569]
[319, 3574]
[320, 3579]
[320, 3584]
[320, 3589]
[320, 3594]
[321, 3599]
[321, 3604]
[321, 3609]
[321, 3615]
[322, 3620]
[322, 3625]
[322, 3630]
[322, 3635]
[323, 3640]
[323, 3645]
[323, 3650]
[323, 3656]
[323, 3661]
[323, 3666]
[324, 3671]
[324, 3676]
[324, 3681]
[324, 3686]
[324, 3692]
[324, 3697]
[324, 3702]
[324, 3707]
[324, 3712]
[324, 3717]
[324, 3722]
[324, 3727]
[324, 3732]
[324, 3737]
[324, 3742]
[324, 3747]
[324, 3752]
[324, 3757]
[323, 3762]
[323, 3767]
[323, 3772]
[323, 3777]
[323, 3782]
[323, 3787]
[322, 3792]
[322, 3797]
[322, 3802]
[322, 3807]
[322, 3812]
[321, 3818]
[321, 3823]
[321, 3828]
[321, 3833]
[320, 3838]
[320, 3843]
[320, 3848]
[319, 3853]
[319, 3858]
[319, 3863]
[319, 3868]
[318, 3873]
[318, 3879]
[318, 3884]
[317, 3889]
[317, 3894]
[317, 3899]
[317, 3904]
[316, 3910]
[316, 3915]
[316, 3920]
[316, 3925]
[315, 3930]
[315, 3936]
[315, 3941]
[315, 3946]
[314, 3951]
[314, 3957]
[314, 3962]
[314, 3967]
[314, 3972]
[314, 3977]
[313, 3983]
[313, 3988]
[313, 3993]
[313, 3998]
[313, 4003]
[313, 4009]
[313, 4014]
[313, 4019]
[313, 4024]
[313, 4029]
[313, 4034]
[312, 4039]
[312, 4044]
[312, 4049]
[312, 4054]
[312, 4059]
[312, 4065]
[312, 4070]
[312, 4075]
[312, 4080]
[312, 4085]
[312, 4090]
[312, 4095]
[312, 4100]
[312, 4105]
[312, 4110]
[312, 4115]
[312, 4120]
[312, 4125]
[312, 4130]
[312, 4135]
[312, 4140]
[312, 4145]
[312, 4150]
[312, 4155]
[312, 4160]
[312, 4165]
[312, 4170]
[312, 4175]
[312, 4180]
[312, 4185]
[312, 4190]
[312, 4195]
[312, 4200]
[312, 4205]
[312, 4210]
[312, 4215]
[312, 4220]
[312, 4225]
[312, 4230]
[312, 4235]
[312, 4240]
[312, 4245]
[312, 4250]
[312, 4255]
[312, 4260]
[312, 4265]
[312, 4270]
[312, 4275]
[313, 4280]
[313, 4285]
[313, 4290]
[313, 4295]
[313, 4300]
[313, 4305]
[313, 4310]
[313, 4315]
[313, 4320]
[314, 4325]
[314, 4330]
[314, 4335]
[314, 4340]
[314, 4345]
[314, 4350]
[314, 4355]
[314, 4360]
[314, 4365]
[314, 4370]
[314, 4375]
[314, 4380]
[315, 4385]
[315, 4390]
[315, 4395]
[315, 4400]
[315, 4405]
[315, 4410]
[315, 4415]
[315, 4420]
[315, 4426]
[315, 4431]
[315, 4436]
[315, 4441]
[315, 4446]
[315, 4451]
[314, 4456]
[314, 4461]
[314, 4466]
[314, 4471]
[314, 4476]
[314, 4481]
[314, 4486]
[314, 4491]
[314, 4496]
[314, 4501]
[314, 4506]
[314, 4511]
[314, 4516]
[314, 4521]
[314, 4526]
[313, 4531]
[313, 4536]
[313, 4541]
[313, 4546]
[313, 4551]
[313, 4556]
[313, 4561]
[313, 4566]
[312, 4571]
[312, 4576]
[312, 4581]
[312, 4586]
[312, 4591]
[312, 4596]
[312, 4601]
[312, 4606]
[312, 4611]
[312, 4616]
[312, 4621]
[312, 4626]
[312, 4631]
[312, 4636]
[312, 4641]
[312, 4646]
[312, 4651]
[312, 4656]
[312, 4661]
[312, 4666]
[312, 4671]
[312, 4676]
[312, 4681]
[312, 4686]
[312, 4691]
[312, 4696]
[312, 4701]
[312, 4706]
[317, 4711]
[317, 4716]
[317, 4721]
[317, 4727]
[318, 4732]
[317, 4737]
[317, 4742]
[318, 4747]
[318, 4752]
[318, 4757]
[318, 4763]
[317, 4768]
[318, 4773]
[318, 4778]
[318, 4783]
[318, 4788]
[319, 4793]
[319, 4799]
[318, 4804]
[317, 4809]
[317, 4814]
[317, 4819]
[317, 4824]
[317, 4829]
[317, 4834]
[317, 4839]
[317, 4844]
[317, 4849]
[316, 4855]
[316, 4860]
[316, 4865]
[317, 4870]
[316, 4875]
[316, 4880]
[315, 4885]
[316, 4890]
[316, 4895]
[316, 4900]
[315, 4905]
[315, 4910]
[315, 4915]
[315, 4920]
[315, 4925]
[315, 4930]
[315, 4935]
[314, 4941]
[314, 4946]
[314, 4951]
[314, 4956]
[314, 4961]
[314, 4966]
[314, 4971]
[314, 4976]
[314, 4981]
[314, 4986]
[314, 4991]
[314, 4996]
[314, 5001]
[314, 5006]
[314, 5011]
[314, 5016]
[314, 5021]
[314, 5026]
[314, 5031]
[314, 5036]
[314, 5041]
[314, 5046]
[314, 5051]
[314, 5056]
[314, 5061]
[314, 5066]
[314, 5071]
[314, 5076]
[314, 5081]
[314, 5086]
[314, 5091]
[314, 5096]
[314, 5101]
[314, 5106]
[314, 5111]
[314, 5116]
[315, 5121]
[315, 5126]
[315, 5131]
[316, 5136]
[316, 5141]
[316, 5146]
[316, 5151]
[316, 5156]
[317, 5161]
[317, 5166]
[317, 5171]
[317, 5176]
[318, 5182]
[318, 5187]
[318, 5192]
[318, 5197]
[319, 5202]
[319, 5207]
[319, 5212]
[319, 5217]
[319, 5222]
[319, 5228]
[319, 5233]
[320, 5238]
[320, 5243]
[320, 5248]
[320, 5253]
[320, 5258]
[320, 5263]
[320, 5269]
[320, 5274]
[320, 5279]
[320, 5284]
[320, 5289]
[320, 5294]
[319, 5299]
[319, 5304]
[319, 5309]
[319, 5314]
[319, 5319]
[319, 5324]
[318, 5329]
[318, 5334]
[318, 5339]
[318, 5344]
[318, 5349]
[318, 5354]
[317, 5359]
[317, 5364]
[317, 5369]
[317, 5374]
[317, 5379]
[317, 5384]
[317, 5389]
[317, 5394]
[317, 5399]
[316, 5404]
[316, 5409]
[316, 5414]
[316, 5419]
[316, 5425]
[316, 5430]
[316, 5435]
[316, 5440]
[315, 5445]
[315, 5450]
[315, 5455]
[315, 5460]
[315, 5465]
[315, 5470]
[315, 5475]
[315, 5480]
[315, 5485]
[315, 5490]
[315, 5495]
[315, 5500]
[315, 5505]
[314, 5510]
[314, 5515]
[314, 5520]
[314, 5525]
[314, 5530]
[314, 5535]
[314, 5540]
[314, 5545]
[314, 5550]
[314, 5555]
[314, 5560]
[314, 5566]
[314, 5571]
[314, 5576]
[314, 5581]
[313, 5586]
[313, 5591]
[313, 5596]
[313, 5601]
[313, 5606]
[313, 5611]
[313, 5616]
[313, 5621]
[313, 5626]
[313, 5631]
[313, 5636]
[313, 5641]
[314, 5646]
[314, 5651]
[313, 5656]
[313, 5661]
[313, 5666]
[313, 5671]
[313, 5676]
[313, 5681]
[313, 5686]
[313, 5691]
[313, 5696]
[313, 5701]
[313, 5706]
[313, 5711]
[314, 5716]
[314, 5721]
[314, 5726]
[314, 5731]
[314, 5736]
[314, 5741]
[314, 5746]
[315, 5751]
[315, 5756]
[315, 5761]
[315, 5766]
[315, 5771]
[315, 5776]
[315, 5781]
[316, 5786]
[316, 5791]
[316, 5796]
[316, 5801]
[316, 5806]
[316, 5811]
[316, 5816]
[317, 5821]
[317, 5826]
[317, 5831]
[317, 5836]
[317, 5841]
[317, 5846]
[317, 5851]
[317, 5856]
[317, 5862]
[317, 5867]
[317, 5872]
[318, 5877]
[317, 5882]
[318, 5887]
[318, 5892]
[318, 5897]
[318, 5902]
[318, 5907]
[318, 5912]
[318, 5917]
[318, 5922]
[318, 5927]
[318, 5932]
[318, 5937]
[317, 5942]
[317, 5947]
[317, 5952]
[317, 5957]
[317, 5962]
[317, 5967]
[317, 5972]
[316, 5977]
[317, 5982]
[317, 5987]
[317, 5992]
[317, 5997]
[317, 6002]
[318, 6007]
[318, 6012]
[318, 6017]
[318, 6022]
[318, 6027]
[318, 6032]
[318, 6037]
[318, 6042]
[319, 6047]
[319, 6052]
[319, 6057]
[319, 6062]
[319, 6067]
[319, 6072]
[319, 6077]
[319, 6082]
[319, 6087]
[319, 6092]
[319, 6097]
[319, 6102]
[319, 6107]
[319, 6112]
[319, 6117]
[319, 6122]
[319, 6127]
[319, 6132]
[319, 6137]
[319, 6142]
[319, 6147]
[319, 6152]
[319, 6157]
[319, 6162]
[318, 6167]
[318, 6172]
[318, 6177]
[318, 6182]
[318, 6187]
[318, 6192]
[318, 6197]
[318, 6202]
[318, 6207]
[318, 6212]
[318, 6217]
[318, 6222]
[317, 6227]
[317, 6233]
[317, 6238]
[317, 6243]
[317, 6248]
[317, 6253]
[317, 6258]
[317, 6263]
[317, 6268]
[317, 6273]
[317, 6278]
[318, 6283]
[318, 6288]
[318, 6293]
[318, 6298]
[318, 6303]
[318, 6308]
[318, 6313]
[318, 6318]
[318, 6323]
[318, 6328]
[319, 6333]
[319, 6338]
[319, 6343]
[319, 6348]
[319, 6353]
[319, 6358]
[319, 6363]
[319, 6368]
[319, 6373]
[319, 6378]
[320, 6383]
[320, 6388]
[320, 6393]
[320, 6398]
[319, 6403]
[319, 6408]
[319, 6413]
[319, 6418]
[319, 6423]
[319, 6428]
[319, 6433]
[319, 6438]
[319, 6443]
[319, 6448]
[319, 6453]
[319, 6458]
[319, 6463]
[319, 6468]
[319, 6473]
[319, 6478]
[319, 6483]
[319, 6488]
[319, 6493]
[319, 6498]
[319, 6503]
[319, 6508]
[319, 6513]
[319, 6518]
[318, 6523]
[318, 6528]
[318, 6533]
[318, 6538]
[318, 6543]
[318, 6548]
[318, 6553]
[318, 6558]
[318, 6563]
[318, 6568]
[318, 6573]
[318, 6578]
[318, 6583]
[318, 6588]
[318, 6593]
[318, 6598]
[318, 6603]
[318, 6608]
[318, 6613]
[318, 6618]
[318, 6623]
[318, 6628]
[318, 6633]
[318, 6638]
[318, 6643]
[318, 6648]
[318, 6653]
[318, 6658]
[318, 6663]
[318, 6668]
[318, 6673]
[318, 6678]
[318, 6683]
[318, 6688]
[318, 6693]
[318, 6698]
[318, 6703]
[318, 6708]
[319, 6713]
[319, 6718]
[319, 6723]
[319, 6728]
[319, 6733]
[319, 6738]
[319, 6743]
[319, 6748]
[319, 6753]
[320, 6758]
[320, 6763]
[320, 6768]
[320, 6773]
[320, 6778]
[320, 6783]
[320, 6788]
[320, 6793]
[320, 6798]
[320, 6803]
[320, 6809]
[320, 6814]
[320, 6819]
[320, 6824]
[320, 6829]
[320, 6834]
[320, 6839]
[320, 6844]
[320, 6849]
[320, 6854]
[320, 6859]
[320, 6864]
[320, 6869]
[320, 6874]
[320, 6879]
[320, 6884]
[320, 6889]
[320, 6894]
[320, 6899]
[320, 6904]
[320, 6909]
[320, 6914]
[320, 6919]
[320, 6924]
[320, 6929]
[320, 6934]
[320, 6939]
[320, 6944]
[320, 6949]
[320, 6954]
[320, 6959]
[320, 6964]
[320, 6969]
[320, 6974]
[320, 6979]
[319, 6984]
[319, 6989]
[319, 6994]
[319, 6999]
[320, 7004]
[320, 7009]
[320, 7014]
[320, 7019]
[320, 7024]
[320, 7029]
[320, 7034]
[320, 7039]
[320, 7044]
[320, 7049]
[320, 7054]
[320, 7059]
[320, 7064]
[321, 7069]
[321, 7074]
[321, 7079]
[321, 7084]
[321, 7089]
[321, 7094]
[321, 7099]
[321, 7104]
[321, 7109]
[321, 7114]
[322, 7119]
[322, 7124]
[322, 7129]
[322, 7134]
[322, 7139]
[322, 7144]
[322, 7149]
[322, 7154]
[322, 7159]
[322, 7164]
[322, 7169]
[322, 7174]
[322, 7179]
[322, 7184]
[322, 7189]
[322, 7194]
[322, 7199]
[322, 7204]
[322, 7209]
[322, 7214]
[321, 7219]
[321, 7224]
[321, 7229]
[321, 7234]
[321, 7239]
[321, 7244]
[321, 7249]
[321, 7254]
[321, 7259]
[321, 7264]
[320, 7269]
[320, 7274]
[320, 7279]
[320, 7284]
[320, 7289]
[320, 7294]
[320, 7299]
[320, 7304]
[320, 7309]
[320, 7314]
[320, 7319]
[320, 7324]
[320, 7329]
[320, 7334]
[320, 7339]
[320, 7344]
[321, 7349]
[321, 7354]
[321, 7359]
[321, 7364]
[321, 7369]
[321, 7374]
[321, 7379]
[321, 7384]
[321, 7389]
[321, 7394]
[322, 7399]
[322, 7404]
[322, 7409]
[322, 7414]
[322, 7419]
[322, 7424]
[322, 7429]
[322, 7434]
[322, 7439]
[322, 7444]
[322, 7449]
[322, 7454]
[322, 7460]
[322, 7465]
[322, 7470]
[322, 7475]
[322, 7480]
[322, 7485]
[322, 7490]
[321, 7495]
[321, 7500]
[321, 7505]
[321, 7510]
[321, 7515]
[320, 7520]
[320, 7525]
[320, 7530]
[319, 7535]
[319, 7540]
[319, 7545]
[318, 7550]
[318, 7555]
[318, 7560]
[317, 7565]
[317, 7570]
[317, 7575]
[316, 7580]
[316, 7586]
[315, 7591]
[315, 7596]
[315, 7601]
[314, 7607]
[314, 7612]
[314, 7617]
[313, 7623]
[313, 7628]
[313, 7633]
[313, 7639]
[312, 7644]
[312, 7649]
[312, 7655]
[312, 7660]
[311, 7665]
[311, 7671]
[311, 7676]
[311, 7681]
[311, 7686]
[311, 7692]
[311, 7697]
[311, 7702]
[310, 7707]
[310, 7712]
[310, 7718]
[310, 7723]
[310, 7728]
[310, 7733]
[310, 7738]
[310, 7743]
[310, 7748]
[310, 7753]
[310, 7758]
[310, 7763]
[310, 7769]
[310, 7774]
[310, 7779]
[310, 7784]
[311, 7789]
[310, 7794]
[311, 7799]
[310, 7804]
[310, 7809]
[310, 7814]
[307, 7814]
[311, 7819]
[309, 7824]
[314, 7829]
[310, 7834]
[315, 7839]
[305, 7844]
[311, 7849]
[307, 7854]
[313, 7859]
[306, 7864]
[310, 7869]
[306, 7874]
[308, 7879]
[312, 7884]
[309, 7889]
[307, 7894]
[306, 7899]
[310, 7904]
[313, 7909]
[313, 7914]
[308, 7919]
[309, 7924]
[305, 7929]
[311, 7934]
[314, 7939]
[308, 7944]
[308, 7949]
[306, 7954]
[307, 7959]
[309, 7964]
[313, 7969]
[309, 7974]
[313, 7979]
[309, 7984]
[308, 7989]
[310, 7994]
[311, 7999]
[304, 8004]
[313, 8009]
[308, 8014]
[313, 8019]
[306, 8024]
[306, 8029]
[309, 8034]
[311, 8039]
[313, 8044]
[309, 8049]
[313, 8054]
