[418, 0]
[409, 4]
[409, 9]
[409, 14]
[409, 19]
[409, 24]
[409, 29]
[410, 34]
[409, 39]
[409, 44]
[409, 49]
[409, 54]
[410, 59]
[409, 64]
[409, 69]
[410, 75]
[409, 80]
[409, 85]
[409, 90]
[410, 95]
[410, 100]
[410, 105]
[410, 110]
[410, 115]
[410, 120]
[410, 125]
[410, 130]
[410, 135]
[410, 140]
[410, 145]
[410, 150]
[410, 155]
[410, 160]
[410, 165]
[411, 170]
[411, 175]
[411, 180]
[411, 185]
[411, 190]
[411, 195]
[411, 200]
[412, 205]
[412, 210]
[412, 215]
[412, 220]
[412, 225]
[413, 230]
[413, 235]
[413, 240]
[414, 245]
[414, 250]
[414, 255]
[415, 260]
[415, 265]
[415, 271]
[416, 276]
[416, 281]
[416, 286]
[417, 291]
[417, 296]
[417, 302]
[418, 307]
[418, 312]
[418, 317]
[419, 323]
[419, 328]
[419, 333]
[420, 339]
[420, 344]
[420, 349]
[420, 354]
[420, 360]
[421, 365]
[421, 370]
[421, 376]
[421, 381]
[421, 386]
[421, 391]
[422, 397]
[422, 402]
[422, 407]
[422, 412]
[422, 417]
[422, 423]
[422, 428]
[422, 433]
[422, 438]
[422, 443]
[422, 448]
[422, 453]
[421, 458]
[421, 463]
[421, 468]
[421, 473]
[421, 478]
[421, 483]
[421, 488]
[421, 493]
[421, 498]
[421, 503]
[420, 508]
[420, 513]
[420, 518]
[420, 523]
[420, 528]
[420, 533]
[420, 538]
[420, 543]
[420, 548]
[420, 553]
[420, 558]
[420, 563]
[420, 568]
[420, 573]
[420, 578]
[420, 583]
[420, 588]
[420, 593]
[420, 598]
[420, 603]
[420, 608]
[420, 613]
[420, 618]
[420, 623]
[421, 628]
[421, 633]
[421, 638]
[421, 643]
[421, 648]
[421, 653]
[421, 658]
[421, 663]
[421, 668]
[421, 673]
[421, 678]
[421, 683]
[421, 688]
[421, 693]
[421, 698]
[421, 703]
[421, 708]
[421, 713]
[421, 718]
[421, 723]
[421, 728]
[421, 733]
[421, 738]
[421, 743]
[421, 748]
[421, 753]
[421, 758]
[421, 763]
[421, 768]
[421, 773]
[420, 778]
[420, 783]
[420, 788]
[420, 793]
[420, 798]
[420, 803]
[420, 809]
[420, 814]
[420, 819]
[420, 824]
[420, 829]
[420, 834]
[420, 839]
[419, 844]
[419, 849]
[419, 854]
[419, 859]
[419, 864]
[419, 869]
[419, 874]
[419, 879]
[419, 884]
[419, 889]
[419, 894]
[419, 899]
[419, 904]
[419, 909]
[419, 914]
[419, 919]
[419, 924]
[419, 929]
[419, 934]
[419, 939]
[419, 944]
[419, 949]
[419, 954]
[419, 959]
[419, 964]
[419, 969]
[419, 974]
[419, 979]
[419, 984]
[419, 989]
[419, 994]
[419, 999]
[419, 1004]
[419, 1009]
[419, 1014]
[420, 1019]
[420, 1024]
[420, 1029]
[420, 1034]
[420, 1039]
[420, 1044]
[420, 1049]
[419, 1054]
[419, 1059]
[419, 1064]
[419, 1069]
[419, 1074]
[419, 1079]
[419, 1084]
[419, 1089]
[419, 1094]
[419, 1099]
[419, 1104]
[419, 1109]
[419, 1114]
[419, 1119]
[419, 1124]
[418, 1129]
[418, 1134]
[418, 1139]
[418, 1144]
[418, 1149]
[418, 1154]
[418, 1159]
[418, 1164]
[418, 1169]
[418, 1174]
[418, 1179]
[418, 1184]
[418, 1189]
[418, 1194]
[418, 1199]
[418, 1204]
[418, 1209]
[418, 1214]
[418, 1219]
[418, 1224]
[417, 1229]
[417, 1234]
[417, 1239]
[417, 1244]
[417, 1249]
[417, 1254]
[417, 1259]
[417, 1264]
[417, 1269]
[417, 1274]
[417, 1279]
[417, 1284]
[417, 1289]
[417, 1294]
[418, 1299]
[418, 1304]
[418, 1309]
[418, 1314]
[418, 1319]
[418, 1324]
[418, 1329]
[418, 1334]
[418, 1339]
[418, 1344]
[418, 1349]
[418, 1354]
[418, 1359]
[418, 1364]
[418, 1369]
[418, 1374]
[418, 1379]
[418, 1384]
[418, 1389]
[418, 1394]
[418, 1399]
[418, 1404]
[418, 1409]
[419, 1414]
[419, 1419]
[419, 1424]
[419, 1429]
[419, 1434]
[419, 1439]
[419, 1444]
[419, 1449]
[419, 1454]
[419, 1459]
[419, 1464]
[419, 1469]
[419, 1474]
[419, 1479]
[419, 1484]
[419, 1489]
[419, 1494]
[418, 1499]
[418, 1504]
[418, 1509]
[418, 1514]
[418, 1519]
[418, 1524]
[418, 1529]
[418, 1534]
[418, 1539]
[418, 1544]
[418, 1549]
[418, 1554]
[418, 1559]
[417, 1564]
[417, 1569]
[417, 1574]
[417, 1579]
[417, 1584]
[417, 1589]
[417, 1594]
[417, 1599]
[417, 1604]
[417, 1609]
[417, 1614]
[417, 1619]
[417, 1624]
[417, 1629]
[417, 1634]
[417, 1639]
[417, 1644]
[417, 1649]
[417, 1654]
[417, 1659]
[417, 1664]
[417, 1669]
[417, 1674]
[418, 1679]
[418, 1684]
[418, 1689]
[418, 1694]
[418, 1699]
[418, 1704]
[418, 1709]
[418, 1714]
[418, 1719]
[418, 1724]
[418, 1729]
[418, 1734]
[418, 1739]
[418, 1744]
[418, 1749]
[418, 1754]
[418, 1759]
[418, 1764]
[418, 1769]
[418, 1774]
[418, 1779]
[418, 1784]
[418, 1789]
[418, 1794]
[418, 1800]
[418, 1805]
[418, 1810]
[418, 1815]
[418, 1820]
[418, 1825]
[418, 1830]
[418, 1835]
[417, 1840]
[417, 1845]
[417, 1850]
[417, 1855]
[417, 1860]
[417, 1865]
[417, 1870]
[417, 1875]
[417, 1880]
[417, 1885]
[417, 1890]
[417, 1895]
[417, 1900]
[417, 1905]
[417, 1910]
[417, 1915]
[417, 1920]
[417, 1925]
[417, 1930]
[417, 1935]
[417, 1940]
[417, 1945]
[417, 1950]
[417, 1955]
[417, 1960]
[417, 1965]
[417, 1970]
[417, 1975]
[417, 1980]
[417, 1985]
[417, 1990]
[417, 1995]
[417, 2000]
[417, 2005]
[416, 2010]
[416, 2015]
[416, 2020]
[416, 2025]
[416, 2030]
[416, 2035]
[416, 2040]
[416, 2045]
[416, 2050]
[416, 2055]
[416, 2060]
[416, 2065]
[415, 2070]
[415, 2075]
[415, 2080]
[415, 2085]
[415, 2090]
[415, 2095]
[415, 2100]
[414, 2105]
[414, 2110]
[414, 2115]
[414, 2120]
[414, 2125]
[414, 2130]
[414, 2135]
[413, 2140]
[413, 2145]
[413, 2150]
[413, 2155]
[413, 2160]
[413, 2165]
[413, 2170]
[413, 2176]
[413, 2181]
[413, 2186]
[413, 2191]
[413, 2196]
[413, 2201]
[413, 2206]
[413, 2211]
[412, 2216]
[412, 2221]
[412, 2226]
[412, 2231]
[412, 2236]
[413, 2241]
[413, 2246]
[413, 2251]
[413, 2256]
[413, 2261]
[413, 2266]
[413, 2271]
[413, 2276]
[413, 2281]
[413, 2286]
[413, 2291]
[413, 2296]
[413, 2301]
[413, 2306]
[413, 2311]
[413, 2316]
[413, 2321]
[413, 2326]
[414, 2331]
[414, 2336]
[414, 2341]
[414, 2346]
[414, 2351]
[414, 2356]
[414, 2361]
[414, 2366]
[414, 2371]
[414, 2376]
[414, 2381]
[414, 2386]
[414, 2391]
[415, 2396]
[415, 2401]
[415, 2406]
[415, 2411]
[415, 2416]
[415, 2421]
[415, 2426]
[415, 2431]
[415, 2436]
[415, 2441]
[416, 2446]
[416, 2451]
[416, 2456]
[416, 2461]
[416, 2466]
[416, 2471]
[416, 2476]
[416, 2482]
[416, 2487]
[417, 2492]
[417, 2497]
[417, 2502]
[417, 2507]
[417, 2512]
[417, 2517]
[417, 2522]
[418, 2527]
[418, 2532]
[418, 2537]
[418, 2542]
[418, 2547]
[418, 2552]
[418, 2557]
[419, 2562]
[419, 2567]
[419, 2572]
[419, 2577]
[419, 2582]
[419, 2588]
[419, 2593]
[419, 2598]
[419, 2603]
[419, 2608]
[419, 2613]
[419, 2618]
[419, 2623]
[419, 2628]
[419, 2633]
[419, 2638]
[419, 2643]
[419, 2648]
[418, 2653]
[418, 2658]
[418, 2663]
[418, 2668]
[418, 2673]
[418, 2678]
[417, 2683]
[417, 2688]
[417, 2693]
[417, 2698]
[417, 2703]
[416, 2708]
[416, 2713]
[416, 2718]
[416, 2723]
[416, 2728]
[415, 2733]
[415, 2738]
[415, 2743]
[415, 2748]
[415, 2753]
[414, 2759]
[414, 2764]
[414, 2769]
[414, 2774]
[414, 2779]
[414, 2784]
[414, 2789]
[414, 2794]
[414, 2799]
[414, 2804]
[413, 2809]
[413, 2815]
[413, 2820]
[413, 2825]
[413, 2830]
[413, 2835]
[413, 2840]
[413, 2845]
[413, 2850]
[413, 2855]
[413, 2860]
[413, 2865]
[413, 2870]
[413, 2875]
[413, 2880]
[413, 2885]
[413, 2890]
[414, 2895]
[414, 2900]
[414, 2905]
[414, 2910]
[414, 2915]
[414, 2920]
[414, 2925]
[414, 2930]
[414, 2935]
[414, 2940]
[414, 2945]
[415, 2950]
[415, 2955]
[415, 2960]
[415, 2965]
[415, 2970]
[415, 2975]
[415, 2980]
[415, 2985]
[415, 2990]
[415, 2995]
[416, 3000]
[416, 3005]
[416, 3010]
[416, 3015]
[416, 3020]
[416, 3025]
[416, 3030]
[417, 3035]
[417, 3041]
[417, 3046]
[417, 3051]
[417, 3056]
[417, 3061]
[417, 3066]
[417, 3071]
[417, 3076]
[417, 3081]
[417, 3086]
[417, 3091]
[417, 3096]
[417, 3101]
[417, 3106]
[417, 3111]
[416, 3116]
[416, 3121]
[416, 3126]
[416, 3131]
[415, 3136]
[415, 3141]
[415, 3146]
[415, 3151]
[414, 3156]
[414, 3161]
[414, 3166]
[414, 3171]
[414, 3176]
[413, 3181]
[413, 3186]
[413, 3191]
[413, 3196]
[413, 3201]
[413, 3207]
[412, 3212]
[412, 3217]
[412, 3222]
[412, 3227]
[412, 3232]
[412, 3237]
[412, 3242]
[412, 3247]
[412, 3252]
[411, 3258]
[411, 3263]
[411, 3268]
[411, 3273]
[411, 3278]
[411, 3283]
[412, 3288]
[412, 3293]
[412, 3298]
[412, 3303]
[412, 3308]
[412, 3313]
[412, 3318]
[412, 3323]
[412, 3328]
[412, 3333]
[413, 3338]
[413, 3343]
[413, 3348]
[413, 3353]
[413, 3358]
[413, 3363]
[413, 3368]
[413, 3373]
[413, 3378]
[414, 3383]
[414, 3388]
[414, 3393]
[414, 3398]
[414, 3403]
[414, 3408]
[414, 3413]
[414, 3418]
[414, 3423]
[414, 3428]
[414, 3433]
[414, 3439]
[414, 3444]
[414, 3449]
[414, 3454]
[414, 3459]
[414, 3464]
[414, 3469]
[414, 3474]
[414, 3479]
[414, 3484]
[414, 3489]
[414, 3494]
[414, 3499]
[414, 3504]
[414, 3509]
[414, 3514]
[414, 3519]
[414, 3524]
[413, 3529]
[413, 3534]
[413, 3539]
[413, 3544]
[413, 3549]
[413, 3554]
[413, 3559]
[413, 3564]
[413, 3569]
[413, 3574]
[412, 3579]
[412, 3584]
[412, 3589]
[412, 3594]
[412, 3599]
[412, 3604]
[412, 3609]
[412, 3614]
[412, 3619]
[412, 3624]
[412, 3629]
[412, 3634]
[412, 3639]
[412, 3644]
[412, 3649]
[411, 3654]
[411, 3659]
[411, 3664]
[411, 3669]
[411, 3674]
[411, 3679]
[411, 3684]
[411, 3689]
[411, 3694]
[411, 3699]
[411, 3704]
[411, 3709]
[411, 3714]
[411, 3719]
[411, 3724]
[411, 3729]
[411, 3734]
[411, 3739]
[411, 3744]
[411, 3749]
[411, 3754]
[411, 3759]
[411, 3764]
[411, 3769]
[411, 3774]
[411, 3779]
[411, 3784]
[412, 3789]
[412, 3794]
[412, 3799]
[412, 3804]
[412, 3809]
[412, 3814]
[412, 3819]
[412, 3824]
[412, 3829]
[412, 3834]
[412, 3839]
[412, 3844]
[412, 3849]
[412, 3854]
[412, 3859]
[412, 3864]
[413, 3869]
[413, 3874]
[413, 3879]
[413, 3884]
[413, 3889]
[413, 3894]
[413, 3899]
[414, 3904]
[414, 3909]
[414, 3914]
[414, 3919]
[414, 3924]
[414, 3929]
[415, 3934]
[415, 3940]
[415, 3945]
[415, 3950]
[416, 3955]
[416, 3960]
[416, 3965]
[416, 3970]
[417, 3975]
[417, 3980]
[417, 3985]
[417, 3990]
[418, 3996]
[418, 4001]
[418, 4006]
[419, 4011]
[419, 4016]
[419, 4021]
[419, 4026]
[420, 4032]
[420, 4037]
[420, 4042]
[421, 4047]
[421, 4052]
[421, 4058]
[421, 4063]
[422, 4068]
[422, 4073]
[422, 4079]
[422, 4084]
[422, 4089]
[423, 4094]
[423, 4099]
[423, 4105]
[423, 4110]
[423, 4115]
[423, 4120]
[423, 4125]
[423, 4131]
[424, 4136]
[424, 4141]
[424, 4146]
[424, 4151]
[424, 4156]
[424, 4161]
[424, 4166]
[424, 4172]
[424, 4177]
[423, 4182]
[423, 4187]
[423, 4192]
[423, 4197]
[423, 4202]
[423, 4207]
[423, 4212]
[423, 4217]
[422, 4222]
[422, 4227]
[422, 4232]
[422, 4237]
[422, 4242]
[421, 4247]
[421, 4252]
[421, 4257]
[421, 4262]
[420, 4267]
[420, 4272]
[420, 4277]
[420, 4282]
[420, 4287]
[419, 4292]
[419, 4297]
[419, 4302]
[419, 4307]
[418, 4313]
[418, 4318]
[418, 4323]
[418, 4328]
[418, 4333]
[417, 4338]
[417, 4343]
[417, 4348]
[417, 4354]
[417, 4359]
[417, 4364]
[417, 4369]
[417, 4374]
[417, 4379]
[417, 4384]
[417, 4389]
[417, 4394]
[417, 4399]
[417, 4404]
[417, 4409]
[417, 4414]
[417, 4420]
[417, 4425]
[417, 4430]
[418, 4435]
[418, 4440]
[418, 4445]
[418, 4450]
[418, 4455]
[419, 4460]
[419, 4465]
[419, 4470]
[419, 4475]
[419, 4480]
[420, 4485]
[420, 4490]
[420, 4495]
[420, 4500]
[420, 4505]
[420, 4510]
[421, 4515]
[421, 4520]
[421, 4525]
[421, 4530]
[421, 4535]
[421, 4540]
[421, 4545]
[421, 4550]
[421, 4555]
[422, 4560]
[422, 4566]
[422, 4571]
[422, 4576]
[422, 4581]
[422, 4586]
[422, 4591]
[422, 4596]
[422, 4601]
[422, 4606]
[422, 4611]
[422, 4616]
[422, 4621]
[422, 4626]
[422, 4631]
[422, 4636]
[421, 4641]
[421, 4646]
[421, 4651]
[421, 4656]
[421, 4661]
[421, 4666]
[421, 4671]
[421, 4676]
[421, 4681]
[421, 4686]
[421, 4691]
[421, 4696]
[420, 4701]
[420, 4706]
[420, 4711]
[420, 4716]
[420, 4721]
[420, 4726]
[420, 4731]
[420, 4736]
[420, 4741]
[420, 4746]
[419, 4751]
[419, 4756]
[419, 4761]
[419, 4766]
[419, 4771]
[419, 4776]
[419, 4781]
[419, 4786]
[418, 4791]
[418, 4796]
[418, 4802]
[418, 4807]
[418, 4812]
[418, 4817]
[418, 4822]
[417, 4827]
[417, 4832]
[417, 4837]
[417, 4842]
[417, 4847]
[417, 4852]
[417, 4857]
[416, 4862]
[416, 4867]
[416, 4872]
[416, 4877]
[416, 4882]
[416, 4887]
[416, 4892]
[416, 4898]
[416, 4903]
[416, 4908]
[416, 4913]
[416, 4918]
[416, 4923]
[416, 4928]
[415, 4933]
[415, 4938]
[415, 4943]
[415, 4948]
[415, 4953]
[415, 4958]
[415, 4963]
[415, 4968]
[415, 4973]
[415, 4978]
[415, 4983]
[415, 4988]
[414, 4993]
[414, 4998]
[414, 5003]
[414, 5008]
[414, 5013]
[414, 5018]
[414, 5023]
[414, 5028]
[414, 5033]
[413, 5039]
[413, 5044]
[413, 5049]
[413, 5054]
[413, 5059]
[413, 5064]
[413, 5069]
[413, 5074]
[413, 5079]
[413, 5084]
[413, 5089]
[413, 5094]
[413, 5099]
[413, 5104]
[413, 5109]
[413, 5114]
[413, 5119]
[413, 5124]
[413, 5129]
[413, 5134]
[413, 5139]
[413, 5144]
[413, 5149]
[413, 5154]
[414, 5159]
[414, 5164]
[414, 5169]
[414, 5174]
[414, 5179]
[414, 5184]
[414, 5189]
[414, 5194]
[415, 5199]
[415, 5204]
[415, 5209]
[415, 5214]
[415, 5219]
[415, 5224]
[415, 5229]
[415, 5234]
[415, 5239]
[415, 5244]
[415, 5249]
[415, 5254]
[415, 5259]
[415, 5264]
[415, 5269]
[415, 5274]
[415, 5279]
[415, 5284]
[414, 5289]
[414, 5294]
[414, 5299]
[414, 5304]
[414, 5309]
[414, 5314]
[414, 5319]
[414, 5324]
[414, 5329]
[414, 5334]
[414, 5339]
[414, 5344]
[414, 5349]
[414, 5354]
[414, 5359]
[414, 5364]
[414, 5369]
[414, 5374]
[414, 5379]
[414, 5384]
[414, 5389]
[414, 5394]
[415, 5399]
[415, 5404]
[415, 5409]
[415, 5414]
[415, 5419]
[416, 5424]
[416, 5429]
[416, 5434]
[416, 5439]
[417, 5444]
[417, 5449]
[417, 5454]
[418, 5459]
[418, 5465]
[418, 5470]
[419, 5475]
[419, 5480]
[419, 5485]
[419, 5490]
[420, 5495]
[420, 5500]
[420, 5506]
[421, 5511]
[421, 5516]
[421, 5521]
[422, 5527]
[422, 5532]
[422, 5537]
[423, 5542]
[423, 5548]
[423, 5553]
[423, 5558]
[424, 5563]
[424, 5569]
[424, 5574]
[424, 5579]
[424, 5584]
[424, 5590]
[424, 5595]
[424, 5600]
[424, 5605]
[424, 5610]
[424, 5615]
[424, 5621]
[424, 5626]
[424, 5631]
[424, 5636]
[424, 5641]
[424, 5646]
[423, 5651]
[423, 5656]
[423, 5661]
[423, 5666]
[422, 5671]
[422, 5676]
[422, 5681]
[421, 5686]
[421, 5691]
[420, 5696]
[420, 5701]
[420, 5706]
[420, 5711]
[419, 5716]
[419, 5721]
[419, 5726]
[419, 5732]
[418, 5737]
[418, 5742]
[418, 5747]
[418, 5752]
[418, 5757]
[417, 5763]
[417, 5768]
[417, 5773]
[417, 5778]
[417, 5783]
[417, 5788]
[417, 5794]
[417, 5799]
[417, 5804]
[417, 5809]
[417, 5814]
[417, 5819]
[417, 5824]
[417, 5829]
[417, 5834]
[417, 5839]
[416, 5845]
[417, 5850]
[417, 5855]
[416, 5860]
[416, 5865]
[416, 5870]
[416, 5875]
[416, 5880]
[416, 5885]
[416, 5890]
[416, 5895]
[416, 5900]
[416, 5905]
[416, 5910]
[416, 5915]
[416, 5920]
[416, 5925]
[416, 5930]
[416, 5935]
[416, 5940]
[416, 5945]
[416, 5950]
[416, 5955]
[416, 5960]
[416, 5965]
[416, 5970]
[416, 5975]
[416, 5980]
[416, 5985]
[416, 5990]
[415, 5995]
[416, 6000]
[416, 6005]
[416, 6010]
[416, 6015]
[416, 6020]
[416, 6025]
[416, 6030]
[416, 6035]
[416, 6040]
[416, 6045]
[416, 6050]
[416, 6055]
[416, 6060]
[416, 6065]
[416, 6070]
[416, 6075]
[416, 6080]
[416, 6085]
[416, 6090]
[416, 6095]
[416, 6100]
[416, 6105]
[416, 6110]
[416, 6115]
[416, 6120]
[416, 6125]
[416, 6130]
[416, 6135]
[416, 6140]
[416, 6145]
[416, 6150]
[416, 6155]
[416, 6160]
[416, 6165]
[416, 6170]
[416, 6175]
[416, 6180]
[416, 6185]
[416, 6190]
[416, 6195]
[416, 6200]
[416, 6205]
[416, 6210]
[416, 6215]
[416, 6220]
[416, 6225]
[416, 6230]
[416, 6235]
[416, 6240]
[416, 6245]
[416, 6250]
[416, 6255]
[416, 6260]
[416, 6265]
[416, 6270]
[416, 6275]
[416, 6280]
[416, 6285]
[416, 6290]
[416, 6295]
[417, 6300]
[417, 6305]
[417, 6310]
[417, 6315]
[417, 6320]
[417, 6325]
[417, 6330]
[417, 6335]
[417, 6340]
[417, 6345]
[417, 6350]
[417, 6355]
[417, 6360]
[418, 6365]
[418, 6370]
[418, 6375]
[418, 6380]
[418, 6385]
[418, 6390]
[418, 6395]
[418, 6400]
[418, 6405]
[418, 6410]
[418, 6415]
[418, 6420]
[418, 6425]
[418, 6430]
[419, 6435]
[419, 6440]
[419, 6445]
[419, 6450]
[419, 6455]
[419, 6460]
[419, 6465]
[419, 6470]
[419, 6475]
[419, 6480]
[419, 6486]
[420, 6491]
[420, 6496]
[420, 6501]
[420, 6506]
[420, 6511]
[420, 6516]
[420, 6521]
[420, 6526]
[420, 6531]
[420, 6536]
[420, 6541]
[420, 6546]
[421, 6551]
[421, 6556]
[421, 6561]
[421, 6566]
[421, 6571]
[421, 6576]
[421, 6581]
[421, 6586]
[421, 6591]
[421, 6596]
[421, 6601]
[421, 6606]
[421, 6611]
[421, 6616]
[421, 6621]
[421, 6626]
[422, 6631]
[421, 6636]
[421, 6641]
[421, 6646]
[421, 6651]
[421, 6656]
[421, 6661]
[421, 6666]
[421, 6671]
[421, 6676]
[421, 6681]
[421, 6686]
[421, 6691]
[421, 6696]
[421, 6701]
[421, 6706]
[421, 6711]
[421, 6716]
[421, 6721]
[421, 6726]
[421, 6731]
[421, 6736]
[421, 6741]
[421, 6746]
[421, 6751]
[421, 6756]
[421, 6761]
[421, 6766]
[421, 6771]
[420, 6776]
[420, 6781]
[420, 6786]
[420, 6791]
[420, 6796]
[420, 6801]
[420, 6806]
[420, 6811]
[420, 6816]
[420, 6821]
[420, 6826]
[420, 6831]
[420, 6836]
[420, 6841]
[420, 6846]
[420, 6851]
[420, 6856]
[420, 6861]
[420, 6866]
[420, 6871]
[420, 6876]
[420, 6881]
[420, 6886]
[420, 6891]
[420, 6896]
[420, 6901]
[420, 6906]
[420, 6911]
[420, 6916]
[420, 6921]
[420, 6926]
[420, 6931]
[420, 6936]
[420, 6941]
[420, 6946]
[420, 6951]
[420, 6956]
[420, 6961]
[420, 6966]
[420, 6971]
[420, 6976]
[420, 6981]
[420, 6986]
[420, 6991]
[420, 6996]
[420, 7001]
[420, 7006]
[420, 7011]
[420, 7016]
[421, 7021]
[421, 7026]
[421, 7031]
[421, 7036]
[421, 7041]
[421, 7046]
[421, 7051]
[421, 7056]
[421, 7061]
[421, 7066]
[421, 7071]
[422, 7076]
[422, 7081]
[422, 7086]
[422, 7092]
[422, 7097]
[422, 7102]
[422, 7107]
[422, 7112]
[422, 7117]
[422, 7122]
[422, 7127]
[422, 7132]
[422, 7137]
[422, 7142]
[422, 7147]
[422, 7152]
[422, 7157]
[422, 7162]
[422, 7167]
[422, 7172]
[422, 7177]
[422, 7182]
[422, 7187]
[421, 7192]
[421, 7197]
[421, 7202]
[421, 7207]
[421, 7212]
[421, 7217]
[420, 7222]
[420, 7227]
[420, 7232]
[420, 7237]
[419, 7242]
[419, 7247]
[419, 7252]
[418, 7257]
[418, 7262]
[418, 7267]
[418, 7272]
[417, 7277]
[417, 7282]
[417, 7288]
[417, 7293]
[417, 7298]
[417, 7303]
[416, 7308]
[416, 7313]
[416, 7318]
[416, 7324]
[416, 7329]
[416, 7334]
[416, 7339]
[416, 7344]
[416, 7349]
[416, 7354]
[416, 7359]
[416, 7364]
[416, 7370]
[416, 7375]
[416, 7380]
[416, 7385]
[416, 7390]
[416, 7395]
[416, 7400]
[416, 7405]
[416, 7410]
[417, 7415]
[417, 7420]
[417, 7425]
[417, 7430]
[417, 7435]
[418, 7440]
[418, 7445]
[418, 7450]
[418, 7455]
[418, 7460]
[419, 7465]
[419, 7470]
[419, 7475]
[419, 7480]
[419, 7485]
[420, 7490]
[420, 7495]
[420, 7500]
[420, 7505]
[420, 7510]
[421, 7516]
[421, 7521]
[421, 7526]
[421, 7531]
[421, 7536]
[421, 7541]
[422, 7546]
[422, 7551]
[422, 7556]
[422, 7561]
[422, 7567]
[422, 7572]
[423, 7577]
[423, 7582]
[423, 7587]
[423, 7592]
[423, 7597]
[423, 7602]
[423, 7607]
[423, 7612]
[423, 7618]
[423, 7623]
[423, 7628]
[423, 7633]
[424, 7638]
[424, 7643]
[424, 7648]
[424, 7653]
[424, 7658]
[424, 7663]
[424, 7668]
[424, 7673]
[424, 7678]
[424, 7683]
[423, 7688]
[423, 7693]
[423, 7698]
[423, 7703]
[423, 7708]
[423, 7713]
[423, 7718]
[423, 7723]
[423, 7728]
[422, 7733]
[422, 7738]
[422, 7743]
[422, 7748]
[422, 7753]
[422, 7758]
[422, 7763]
[422, 7768]
[421, 7773]
[421, 7778]
[421, 7783]
[421, 7788]
[421, 7793]
[421, 7798]
[417, 7798]
[421, 7803]
[420, 7808]
[418, 7813]
[422, 7818]
[424, 7823]
[417, 7828]
[419, 7833]
[422, 7838]
[420, 7843]
[416, 7848]
[419, 7853]
[415, 7858]
[422, 7863]
[421, 7868]
[421, 7873]
[423, 7878]
[415, 7883]
[414, 7888]
[417, 7893]
[421, 7898]
[414, 7903]
[416, 7908]
[415, 7913]
[420, 7918]
[422, 7923]
[419, 7928]
[422, 7933]
[417, 7938]
[420, 7943]
[419, 7948]
[413, 7953]
[419, 7958]
[420, 7963]
[419, 7968]
[420, 7973]
[422, 7978]
[422, 7983]
[420, 7988]
[416, 7993]
[418, 7998]
[415, 8003]
[415, 8008]
[419, 8013]
[415, 8018]
[412, 8023]
[412, 8028]
[421, 8033]
[413, 8038]
[418, 8043]
