[517, 0]
[519, 4]
[519, 9]
[519, 15]
[519, 20]
[519, 25]
[519, 30]
[520, 35]
[520, 40]
[520, 45]
[520, 50]
[520, 55]
[520, 60]
[520, 65]
[520, 70]
[521, 75]
[521, 80]
[521, 85]
[521, 90]
[521, 95]
[521, 100]
[521, 105]
[522, 110]
[522, 115]
[522, 120]
[522, 125]
[522, 130]
[522, 135]
[523, 140]
[523, 146]
[523, 151]
[523, 156]
[523, 161]
[523, 166]
[523, 171]
[523, 176]
[523, 181]
[523, 186]
[523, 191]
[523, 196]
[523, 201]
[523, 206]
[523, 211]
[523, 216]
[523, 221]
[523, 226]
[523, 231]
[523, 236]
[523, 241]
[523, 246]
[523, 251]
[523, 256]
[522, 261]
[522, 266]
[522, 271]
[522, 276]
[522, 281]
[522, 286]
[522, 291]
[522, 296]
[521, 301]
[521, 306]
[521, 311]
[521, 316]
[521, 321]
[521, 326]
[520, 331]
[520, 336]
[520, 341]
[520, 346]
[520, 351]
[519, 357]
[519, 362]
[519, 367]
[519, 372]
[519, 377]
[518, 382]
[518, 387]
[518, 392]
[518, 397]
[518, 402]
[517, 407]
[517, 413]
[517, 418]
[517, 423]
[517, 428]
[517, 433]
[516, 438]
[516, 443]
[516, 448]
[516, 453]
[516, 459]
[516, 464]
[516, 469]
[516, 474]
[516, 479]
[516, 484]
[516, 489]
[515, 494]
[515, 499]
[515, 504]
[516, 509]
[516, 514]
[516, 519]
[516, 524]
[516, 529]
[516, 535]
[516, 540]
[516, 545]
[516, 550]
[516, 555]
[516, 560]
[517, 565]
[517, 570]
[517, 575]
[517, 580]
[517, 585]
[518, 590]
[518, 595]
[518, 600]
[518, 605]
[518, 610]
[519, 615]
[519, 620]
[519, 625]
[519, 630]
[520, 635]
[520, 640]
[520, 645]
[520, 650]
[520, 655]
[521, 660]
[521, 665]
[521, 671]
[521, 676]
[521, 681]
[521, 686]
[521, 691]
[521, 696]
[521, 701]
[522, 706]
[522, 711]
[522, 716]
[522, 722]
[522, 727]
[522, 732]
[522, 737]
[522, 742]
[522, 747]
[521, 752]
[521, 757]
[521, 762]
[521, 767]
[521, 772]
[521, 777]
[521, 782]
[521, 787]
[521, 792]
[521, 797]
[521, 802]
[521, 807]
[521, 812]
[520, 817]
[520, 822]
[520, 827]
[520, 832]
[520, 837]
[520, 842]
[520, 847]
[520, 852]
[520, 857]
[520, 862]
[520, 867]
[520, 872]
[520, 877]
[520, 882]
[520, 887]
[520, 892]
[520, 897]
[520, 902]
[519, 907]
[519, 912]
[519, 917]
[519, 922]
[519, 927]
[519, 932]
[519, 937]
[519, 942]
[519, 947]
[519, 952]
[519, 957]
[519, 962]
[519, 967]
[519, 972]
[519, 977]
[519, 982]
[519, 987]
[519, 992]
[519, 997]
[519, 1002]
[519, 1007]
[519, 1012]
[519, 1017]
[519, 1022]
[520, 1027]
[520, 1032]
[520, 1037]
[520, 1042]
[520, 1047]
[520, 1052]
[520, 1057]
[520, 1062]
[520, 1067]
[520, 1072]
[520, 1077]
[520, 1082]
[520, 1087]
[520, 1092]
[520, 1097]
[520, 1102]
[520, 1107]
[520, 1112]
[520, 1117]
[520, 1122]
[520, 1127]
[520, 1132]
[520, 1137]
[520, 1142]
[520, 1147]
[520, 1152]
[520, 1157]
[520, 1162]
[521, 1167]
[521, 1172]
[521, 1177]
[521, 1182]
[521, 1187]
[521, 1192]
[521, 1197]
[521, 1202]
[521, 1207]
[521, 1212]
[521, 1217]
[521, 1222]
[521, 1227]
[521, 1232]
[521, 1237]
[521, 1242]
[521, 1247]
[521, 1252]
[520, 1257]
[520, 1262]
[520, 1267]
[520, 1272]
[520, 1277]
[520, 1282]
[520, 1287]
[520, 1292]
[520, 1297]
[520, 1302]
[520, 1307]
[520, 1312]
[520, 1317]
[520, 1322]
[520, 1327]
[520, 1332]
[519, 1337]
[519, 1342]
[519, 1347]
[519, 1352]
[519, 1357]
[519, 1362]
[519, 1367]
[519, 1372]
[519, 1377]
[519, 1382]
[519, 1387]
[518, 1392]
[518, 1397]
[518, 1403]
[518, 1408]
[518, 1413]
[518, 1418]
[518, 1423]
[518, 1428]
[518, 1433]
[518, 1438]
[518, 1443]
[518, 1448]
[517, 1453]
[517, 1458]
[517, 1463]
[517, 1468]
[517, 1473]
[517, 1478]
[517, 1483]
[517, 1488]
[517, 1493]
[517, 1498]
[517, 1503]
[517, 1508]
[517, 1513]
[516, 1518]
[516, 1523]
[516, 1528]
[516, 1533]
[516, 1538]
[516, 1543]
[516, 1548]
[516, 1553]
[516, 1558]
[516, 1563]
[516, 1568]
[516, 1573]
[516, 1578]
[516, 1583]
[516, 1588]
[516, 1593]
[516, 1598]
[516, 1603]
[516, 1608]
[516, 1613]
[516, 1618]
[516, 1623]
[515, 1628]
[515, 1634]
[515, 1639]
[515, 1644]
[515, 1649]
[515, 1654]
[515, 1659]
[515, 1664]
[515, 1669]
[515, 1674]
[515, 1679]
[515, 1684]
[515, 1689]
[515, 1694]
[515, 1699]
[515, 1704]
[515, 1709]
[515, 1714]
[515, 1719]
[515, 1724]
[515, 1729]
[515, 1734]
[515, 1739]
[515, 1744]
[515, 1749]
[516, 1754]
[516, 1759]
[515, 1764]
[516, 1769]
[515, 1774]
[516, 1779]
[516, 1784]
[516, 1789]
[516, 1794]
[516, 1799]
[515, 1804]
[515, 1809]
[515, 1814]
[515, 1819]
[515, 1824]
[515, 1829]
[515, 1834]
[515, 1839]
[515, 1844]
[515, 1849]
[515, 1854]
[515, 1859]
[515, 1864]
[515, 1869]
[515, 1874]
[515, 1879]
[515, 1884]
[515, 1889]
[515, 1894]
[515, 1899]
[515, 1904]
[515, 1909]
[515, 1914]
[515, 1919]
[515, 1924]
[515, 1929]
[515, 1934]
[515, 1939]
[516, 1944]
[516, 1949]
[516, 1954]
[516, 1959]
[516, 1964]
[516, 1969]
[516, 1974]
[516, 1979]
[516, 1984]
[516, 1989]
[516, 1994]
[516, 1999]
[516, 2004]
[516, 2009]
[516, 2014]
[516, 2019]
[516, 2024]
[516, 2029]
[516, 2034]
[516, 2039]
[516, 2044]
[516, 2049]
[517, 2054]
[517, 2059]
[517, 2064]
[517, 2069]
[517, 2074]
[517, 2079]
[517, 2084]
[517, 2089]
[518, 2094]
[518, 2099]
[518, 2104]
[518, 2109]
[518, 2114]
[519, 2119]
[519, 2124]
[519, 2129]
[519, 2134]
[519, 2139]
[520, 2144]
[520, 2149]
[520, 2154]
[521, 2159]
[521, 2164]
[521, 2170]
[521, 2175]
[521, 2180]
[522, 2185]
[522, 2190]
[522, 2195]
[522, 2200]
[522, 2205]
[523, 2211]
[523, 2216]
[523, 2221]
[523, 2226]
[523, 2231]
[523, 2236]
[523, 2241]
[523, 2247]
[523, 2252]
[523, 2257]
[523, 2262]
[523, 2267]
[523, 2272]
[523, 2277]
[523, 2282]
[523, 2287]
[523, 2292]
[522, 2297]
[522, 2302]
[522, 2307]
[522, 2312]
[522, 2317]
[521, 2322]
[521, 2327]
[521, 2332]
[520, 2337]
[520, 2342]
[520, 2347]
[520, 2352]
[519, 2357]
[519, 2362]
[519, 2368]
[518, 2373]
[518, 2378]
[518, 2383]
[517, 2388]
[517, 2393]
[517, 2398]
[516, 2404]
[516, 2409]
[516, 2414]
[516, 2419]
[515, 2425]
[515, 2430]
[515, 2435]
[515, 2440]
[514, 2445]
[514, 2451]
[514, 2456]
[514, 2461]
[514, 2466]
[514, 2472]
[514, 2477]
[514, 2482]
[514, 2487]
[513, 2492]
[513, 2497]
[513, 2503]
[513, 2508]
[513, 2513]
[513, 2518]
[513, 2523]
[513, 2528]
[513, 2533]
[514, 2538]
[514, 2543]
[514, 2548]
[514, 2553]
[514, 2558]
[514, 2563]
[514, 2568]
[514, 2573]
[514, 2578]
[514, 2583]
[514, 2588]
[514, 2593]
[514, 2598]
[514, 2603]
[514, 2608]
[514, 2613]
[514, 2618]
[514, 2623]
[514, 2628]
[514, 2633]
[514, 2638]
[514, 2643]
[514, 2648]
[514, 2653]
[514, 2658]
[514, 2663]
[514, 2668]
[513, 2673]
[513, 2678]
[513, 2683]
[513, 2688]
[513, 2693]
[513, 2698]
[513, 2703]
[513, 2708]
[513, 2713]
[513, 2718]
[513, 2723]
[513, 2728]
[513, 2733]
[513, 2738]
[513, 2743]
[513, 2748]
[513, 2753]
[513, 2758]
[513, 2763]
[513, 2768]
[513, 2773]
[513, 2778]
[513, 2783]
[513, 2788]
[513, 2793]
[513, 2798]
[513, 2803]
[513, 2808]
[513, 2813]
[513, 2818]
[513, 2823]
[513, 2828]
[513, 2833]
[513, 2838]
[514, 2843]
[514, 2848]
[514, 2853]
[514, 2858]
[514, 2863]
[514, 2868]
[514, 2873]
[514, 2878]
[514, 2883]
[514, 2888]
[515, 2893]
[515, 2899]
[515, 2904]
[515, 2909]
[515, 2914]
[515, 2919]
[515, 2924]
[515, 2929]
[515, 2934]
[515, 2939]
[515, 2944]
[516, 2949]
[516, 2954]
[516, 2959]
[516, 2964]
[516, 2969]
[516, 2974]
[516, 2979]
[516, 2984]
[516, 2989]
[516, 2994]
[517, 2999]
[517, 3004]
[517, 3009]
[517, 3014]
[517, 3019]
[517, 3024]
[517, 3029]
[517, 3034]
[518, 3039]
[518, 3044]
[518, 3049]
[518, 3054]
[518, 3059]
[518, 3065]
[518, 3070]
[518, 3075]
[519, 3080]
[519, 3085]
[519, 3090]
[519, 3095]
[519, 3100]
[519, 3105]
[519, 3110]
[519, 3115]
[519, 3120]
[520, 3125]
[520, 3130]
[520, 3135]
[520, 3140]
[520, 3145]
[520, 3150]
[520, 3155]
[520, 3160]
[520, 3166]
[521, 3171]
[521, 3176]
[521, 3181]
[521, 3186]
[521, 3191]
[521, 3196]
[521, 3201]
[521, 3206]
[521, 3211]
[521, 3216]
[521, 3221]
[521, 3226]
[521, 3231]
[521, 3236]
[521, 3241]
[521, 3246]
[521, 3251]
[521, 3256]
[521, 3261]
[521, 3266]
[521, 3271]
[521, 3276]
[521, 3281]
[521, 3286]
[521, 3291]
[521, 3296]
[521, 3301]
[521, 3306]
[521, 3311]
[521, 3316]
[520, 3321]
[520, 3326]
[520, 3331]
[520, 3336]
[520, 3341]
[520, 3346]
[519, 3351]
[519, 3356]
[519, 3361]
[519, 3366]
[519, 3371]
[519, 3376]
[518, 3381]
[518, 3386]
[518, 3392]
[518, 3397]
[518, 3402]
[518, 3407]
[518, 3412]
[517, 3417]
[517, 3422]
[517, 3427]
[517, 3432]
[517, 3437]
[517, 3442]
[517, 3447]
[517, 3452]
[517, 3457]
[517, 3462]
[517, 3467]
[517, 3472]
[517, 3477]
[517, 3483]
[517, 3488]
[517, 3493]
[517, 3498]
[517, 3503]
[517, 3508]
[517, 3513]
[517, 3518]
[518, 3523]
[518, 3528]
[518, 3533]
[518, 3538]
[518, 3543]
[518, 3548]
[519, 3553]
[519, 3558]
[519, 3563]
[519, 3568]
[520, 3573]
[520, 3578]
[520, 3583]
[520, 3588]
[520, 3593]
[521, 3598]
[521, 3603]
[521, 3608]
[521, 3613]
[521, 3618]
[522, 3623]
[522, 3628]
[522, 3634]
[522, 3639]
[522, 3644]
[523, 3649]
[523, 3654]
[523, 3659]
[523, 3664]
[523, 3669]
[523, 3675]
[523, 3680]
[523, 3685]
[523, 3690]
[523, 3695]
[523, 3700]
[523, 3705]
[523, 3710]
[523, 3715]
[523, 3720]
[523, 3725]
[523, 3730]
[522, 3735]
[522, 3740]
[522, 3745]
[522, 3750]
[522, 3755]
[522, 3760]
[521, 3765]
[521, 3770]
[521, 3775]
[521, 3780]
[521, 3785]
[520, 3790]
[520, 3795]
[520, 3800]
[520, 3805]
[519, 3810]
[519, 3815]
[519, 3821]
[519, 3826]
[518, 3831]
[518, 3836]
[518, 3841]
[517, 3846]
[517, 3851]
[517, 3856]
[517, 3862]
[516, 3867]
[516, 3872]
[516, 3877]
[516, 3882]
[515, 3888]
[515, 3893]
[515, 3898]
[515, 3903]
[514, 3908]
[514, 3914]
[514, 3919]
[514, 3924]
[513, 3929]
[513, 3934]
[513, 3940]
[513, 3945]
[513, 3950]
[513, 3955]
[512, 3960]
[512, 3966]
[512, 3971]
[512, 3976]
[512, 3981]
[512, 3986]
[512, 3991]
[512, 3996]
[512, 4002]
[512, 4007]
[511, 4012]
[511, 4017]
[511, 4022]
[511, 4027]
[511, 4032]
[511, 4037]
[511, 4042]
[511, 4047]
[511, 4052]
[511, 4057]
[511, 4062]
[511, 4067]
[511, 4072]
[511, 4078]
[511, 4083]
[511, 4088]
[511, 4093]
[511, 4098]
[511, 4103]
[510, 4108]
[510, 4113]
[510, 4118]
[510, 4123]
[510, 4128]
[510, 4133]
[510, 4138]
[511, 4143]
[511, 4148]
[511, 4153]
[511, 4158]
[511, 4163]
[511, 4168]
[511, 4173]
[511, 4178]
[511, 4183]
[511, 4188]
[511, 4193]
[511, 4198]
[511, 4203]
[511, 4208]
[511, 4213]
[511, 4218]
[511, 4223]
[511, 4228]
[511, 4233]
[512, 4238]
[512, 4243]
[512, 4248]
[512, 4253]
[512, 4258]
[512, 4263]
[512, 4268]
[512, 4273]
[512, 4278]
[512, 4283]
[512, 4288]
[513, 4293]
[513, 4298]
[513, 4303]
[513, 4308]
[513, 4313]
[513, 4318]
[513, 4323]
[513, 4328]
[513, 4333]
[513, 4338]
[513, 4343]
[513, 4348]
[513, 4353]
[513, 4358]
[513, 4363]
[513, 4368]
[513, 4373]
[514, 4378]
[514, 4383]
[514, 4388]
[514, 4393]
[514, 4398]
[514, 4403]
[514, 4408]
[514, 4413]
[514, 4418]
[514, 4423]
[513, 4428]
[513, 4433]
[513, 4438]
[513, 4443]
[513, 4448]
[513, 4453]
[513, 4458]
[513, 4463]
[513, 4468]
[513, 4473]
[513, 4478]
[513, 4483]
[513, 4488]
[513, 4493]
[512, 4498]
[512, 4503]
[512, 4508]
[512, 4513]
[512, 4518]
[512, 4523]
[512, 4528]
[512, 4533]
[512, 4538]
[512, 4543]
[511, 4548]
[511, 4553]
[511, 4559]
[511, 4564]
[511, 4569]
[511, 4574]
[511, 4579]
[511, 4584]
[511, 4589]
[511, 4594]
[511, 4599]
[511, 4604]
[511, 4609]
[511, 4614]
[512, 4619]
[512, 4624]
[512, 4629]
[512, 4634]
[512, 4639]
[512, 4644]
[512, 4649]
[512, 4654]
[513, 4659]
[513, 4664]
[513, 4669]
[513, 4674]
[513, 4679]
[514, 4684]
[514, 4689]
[514, 4694]
[514, 4699]
[514, 4704]
[515, 4709]
[515, 4714]
[515, 4719]
[515, 4724]
[515, 4729]
[515, 4734]
[516, 4739]
[516, 4744]
[516, 4749]
[516, 4755]
[516, 4760]
[516, 4765]
[516, 4770]
[516, 4775]
[516, 4780]
[516, 4785]
[516, 4790]
[516, 4795]
[516, 4800]
[516, 4805]
[516, 4810]
[516, 4815]
[516, 4820]
[516, 4825]
[516, 4830]
[516, 4835]
[516, 4840]
[516, 4845]
[515, 4850]
[515, 4855]
[515, 4860]
[515, 4865]
[515, 4870]
[515, 4875]
[515, 4880]
[515, 4885]
[514, 4890]
[514, 4895]
[514, 4900]
[514, 4905]
[514, 4910]
[514, 4915]
[514, 4920]
[514, 4926]
[513, 4931]
[513, 4936]
[513, 4941]
[513, 4946]
[513, 4951]
[513, 4956]
[513, 4961]
[513, 4966]
[513, 4971]
[513, 4976]
[513, 4981]
[513, 4986]
[513, 4991]
[513, 4996]
[513, 5001]
[513, 5006]
[513, 5011]
[513, 5016]
[513, 5021]
[513, 5026]
[513, 5031]
[513, 5036]
[513, 5041]
[513, 5046]
[513, 5051]
[513, 5056]
[513, 5061]
[513, 5066]
[514, 5071]
[514, 5076]
[514, 5081]
[514, 5086]
[514, 5091]
[514, 5096]
[514, 5101]
[515, 5106]
[515, 5111]
[515, 5116]
[515, 5121]
[515, 5126]
[516, 5131]
[516, 5136]
[516, 5141]
[516, 5146]
[516, 5151]
[517, 5157]
[517, 5162]
[517, 5167]
[517, 5172]
[517, 5177]
[517, 5182]
[518, 5187]
[518, 5192]
[518, 5197]
[518, 5202]
[518, 5207]
[518, 5212]
[518, 5217]
[518, 5223]
[518, 5228]
[518, 5233]
[518, 5238]
[518, 5243]
[518, 5248]
[518, 5253]
[518, 5258]
[518, 5263]
[518, 5268]
[518, 5273]
[518, 5278]
[518, 5283]
[518, 5288]
[518, 5293]
[518, 5298]
[518, 5303]
[518, 5308]
[517, 5313]
[517, 5318]
[517, 5323]
[517, 5328]
[517, 5333]
[517, 5338]
[517, 5343]
[517, 5348]
[516, 5353]
[516, 5358]
[516, 5363]
[516, 5368]
[516, 5373]
[516, 5378]
[516, 5383]
[515, 5388]
[515, 5393]
[515, 5398]
[515, 5404]
[515, 5409]
[515, 5414]
[515, 5419]
[515, 5424]
[514, 5429]
[514, 5434]
[514, 5439]
[514, 5444]
[514, 5449]
[514, 5454]
[514, 5459]
[514, 5464]
[514, 5469]
[514, 5474]
[514, 5479]
[513, 5484]
[513, 5489]
[513, 5494]
[513, 5499]
[513, 5504]
[513, 5509]
[513, 5514]
[513, 5520]
[513, 5525]
[513, 5530]
[513, 5535]
[513, 5540]
[513, 5545]
[513, 5550]
[513, 5555]
[513, 5560]
[513, 5565]
[512, 5570]
[512, 5575]
[512, 5580]
[512, 5585]
[512, 5590]
[512, 5595]
[512, 5600]
[512, 5605]
[512, 5610]
[512, 5615]
[512, 5620]
[512, 5625]
[512, 5630]
[512, 5635]
[512, 5640]
[512, 5645]
[512, 5650]
[512, 5655]
[512, 5660]
[512, 5665]
[512, 5670]
[512, 5675]
[512, 5680]
[513, 5685]
[513, 5690]
[513, 5695]
[513, 5700]
[513, 5705]
[513, 5710]
[513, 5715]
[513, 5720]
[513, 5725]
[513, 5730]
[514, 5735]
[514, 5740]
[514, 5745]
[514, 5750]
[514, 5755]
[514, 5760]
[514, 5765]
[514, 5770]
[515, 5775]
[515, 5780]
[515, 5785]
[515, 5790]
[515, 5795]
[515, 5800]
[515, 5805]
[515, 5810]
[516, 5815]
[516, 5820]
[516, 5825]
[516, 5831]
[516, 5836]
[516, 5841]
[516, 5846]
[516, 5851]
[516, 5856]
[516, 5861]
[516, 5866]
[516, 5871]
[516, 5876]
[516, 5881]
[516, 5886]
[517, 5891]
[517, 5896]
[517, 5901]
[517, 5906]
[517, 5911]
[517, 5916]
[517, 5921]
[517, 5926]
[517, 5931]
[517, 5936]
[517, 5941]
[517, 5946]
[517, 5951]
[517, 5956]
[517, 5961]
[517, 5966]
[517, 5971]
[517, 5976]
[517, 5981]
[517, 5986]
[517, 5991]
[517, 5996]
[517, 6001]
[517, 6006]
[517, 6011]
[517, 6016]
[517, 6021]
[517, 6026]
[517, 6031]
[517, 6036]
[517, 6041]
[517, 6046]
[517, 6051]
[517, 6056]
[517, 6061]
[517, 6066]
[517, 6071]
[517, 6076]
[517, 6081]
[517, 6086]
[517, 6091]
[517, 6096]
[517, 6101]
[518, 6106]
[518, 6111]
[518, 6116]
[518, 6121]
[517, 6126]
[517, 6131]
[517, 6136]
[517, 6141]
[517, 6146]
[517, 6151]
[517, 6156]
[517, 6161]
[517, 6166]
[517, 6171]
[517, 6176]
[517, 6181]
[517, 6186]
[517, 6191]
[517, 6196]
[517, 6201]
[517, 6206]
[517, 6211]
[517, 6216]
[517, 6221]
[517, 6226]
[517, 6231]
[517, 6236]
[517, 6241]
[517, 6246]
[517, 6251]
[517, 6256]
[517, 6261]
[517, 6266]
[517, 6271]
[517, 6276]
[517, 6281]
[517, 6286]
[517, 6291]
[517, 6296]
[517, 6301]
[517, 6306]
[517, 6311]
[517, 6316]
[517, 6321]
[517, 6326]
[518, 6331]
[518, 6336]
[518, 6341]
[518, 6346]
[518, 6351]
[518, 6356]
[518, 6361]
[518, 6366]
[518, 6371]
[518, 6376]
[518, 6381]
[518, 6386]
[518, 6391]
[518, 6396]
[518, 6401]
[518, 6406]
[518, 6411]
[518, 6416]
[518, 6421]
[518, 6426]
[518, 6431]
[518, 6437]
[518, 6442]
[518, 6447]
[518, 6452]
[518, 6457]
[518, 6462]
[518, 6467]
[518, 6472]
[518, 6477]
[518, 6482]
[518, 6487]
[518, 6492]
[518, 6497]
[518, 6502]
[518, 6507]
[518, 6512]
[517, 6517]
[517, 6522]
[517, 6527]
[517, 6532]
[517, 6537]
[517, 6542]
[517, 6547]
[517, 6552]
[517, 6557]
[517, 6562]
[517, 6567]
[517, 6572]
[517, 6577]
[517, 6582]
[517, 6587]
[517, 6592]
[517, 6597]
[517, 6602]
[517, 6607]
[517, 6612]
[517, 6617]
[517, 6622]
[517, 6627]
[517, 6632]
[517, 6637]
[517, 6642]
[517, 6647]
[517, 6652]
[517, 6657]
[517, 6662]
[517, 6667]
[517, 6672]
[517, 6677]
[517, 6682]
[517, 6687]
[518, 6692]
[518, 6697]
[518, 6702]
[518, 6707]
[518, 6712]
[518, 6717]
[518, 6722]
[518, 6727]
[518, 6732]
[518, 6737]
[518, 6742]
[518, 6747]
[518, 6752]
[518, 6757]
[519, 6762]
[519, 6767]
[519, 6772]
[519, 6777]
[519, 6782]
[519, 6787]
[519, 6792]
[519, 6797]
[519, 6802]
[519, 6807]
[519, 6812]
[519, 6817]
[519, 6822]
[519, 6827]
[519, 6832]
[519, 6837]
[519, 6842]
[519, 6847]
[519, 6852]
[519, 6857]
[519, 6862]
[519, 6867]
[519, 6872]
[519, 6877]
[519, 6882]
[519, 6887]
[519, 6892]
[519, 6897]
[519, 6902]
[519, 6907]
[519, 6912]
[519, 6917]
[519, 6922]
[519, 6927]
[519, 6932]
[519, 6937]
[519, 6942]
[519, 6947]
[519, 6952]
[519, 6957]
[519, 6962]
[519, 6967]
[519, 6972]
[519, 6977]
[519, 6982]
[519, 6987]
[519, 6992]
[519, 6997]
[519, 7002]
[519, 7007]
[519, 7012]
[519, 7017]
[519, 7022]
[519, 7027]
[519, 7032]
[519, 7037]
[519, 7042]
[520, 7047]
[520, 7052]
[520, 7057]
[520, 7062]
[520, 7067]
[520, 7072]
[520, 7077]
[520, 7082]
[520, 7087]
[520, 7092]
[520, 7097]
[520, 7102]
[520, 7107]
[520, 7112]
[520, 7117]
[520, 7122]
[520, 7127]
[520, 7132]
[520, 7137]
[521, 7142]
[521, 7147]
[521, 7152]
[521, 7157]
[521, 7162]
[521, 7167]
[521, 7172]
[521, 7177]
[521, 7182]
[521, 7187]
[520, 7192]
[520, 7197]
[520, 7202]
[520, 7207]
[520, 7212]
[520, 7217]
[520, 7222]
[520, 7227]
[520, 7232]
[520, 7237]
[520, 7242]
[520, 7247]
[520, 7252]
[520, 7257]
[520, 7262]
[520, 7267]
[520, 7272]
[520, 7277]
[520, 7282]
[520, 7287]
[520, 7292]
[520, 7297]
[520, 7302]
[520, 7307]
[520, 7312]
[520, 7317]
[520, 7322]
[520, 7327]
[520, 7332]
[520, 7337]
[520, 7342]
[520, 7347]
[520, 7352]
[520, 7357]
[520, 7362]
[520, 7367]
[520, 7372]
[520, 7377]
[520, 7382]
[521, 7387]
[521, 7392]
[521, 7397]
[521, 7402]
[521, 7407]
[521, 7412]
[521, 7417]
[521, 7422]
[521, 7427]
[521, 7432]
[521, 7437]
[521, 7442]
[521, 7447]
[521, 7452]
[521, 7457]
[521, 7462]
[521, 7467]
[520, 7472]
[520, 7477]
[520, 7482]
[520, 7487]
[520, 7492]
[520, 7497]
[519, 7502]
[519, 7507]
[519, 7512]
[519, 7517]
[519, 7522]
[518, 7527]
[518, 7532]
[518, 7537]
[517, 7543]
[517, 7548]
[517, 7553]
[516, 7558]
[516, 7563]
[516, 7568]
[515, 7573]
[515, 7578]
[515, 7584]
[515, 7589]
[514, 7594]
[514, 7599]
[513, 7604]
[513, 7610]
[513, 7615]
[513, 7620]
[512, 7625]
[512, 7631]
[512, 7636]
[512, 7641]
[511, 7647]
[511, 7652]
[511, 7657]
[511, 7662]
[510, 7668]
[510, 7673]
[510, 7678]
[510, 7684]
[510, 7689]
[510, 7694]
[510, 7699]
[509, 7704]
[509, 7710]
[509, 7715]
[509, 7720]
[509, 7725]
[509, 7730]
[509, 7735]
[509, 7740]
[509, 7745]
[509, 7751]
[509, 7756]
[509, 7761]
[509, 7766]
[509, 7771]
[509, 7776]
[509, 7781]
[509, 7786]
[505, 7786]
[506, 7791]
[513, 7796]
[513, 7801]
[509, 7806]
[510, 7811]
[505, 7816]
[506, 7821]
[509, 7826]
[506, 7831]
[504, 7836]
[507, 7841]
[505, 7846]
[509, 7851]
[511, 7856]
[506, 7861]
[509, 7866]
[506, 7871]
[506, 7876]
[503, 7881]
[504, 7886]
[505, 7891]
[508, 7896]
[511, 7901]
[503, 7906]
[506, 7911]
[501, 7916]
[509, 7921]
[504, 7926]
[505, 7931]
[508, 7936]
[506, 7941]
[504, 7946]
[509, 7951]
[502, 7956]
[501, 7961]
[503, 7966]
[508, 7971]
[503, 7976]
[507, 7981]
[508, 7986]
[501, 7991]
[503, 7996]
[509, 8001]
[505, 8006]
[508, 8011]
[501, 8016]
[500, 8021]
[508, 8026]
[507, 8031]
[503, 8036]
[501, 8041]
