[616, 0]
[606, 5]
[607, 10]
[608, 15]
[607, 20]
[608, 25]
[607, 30]
[608, 35]
[608, 40]
[608, 45]
[608, 50]
[608, 55]
[608, 60]
[608, 65]
[608, 70]
[608, 75]
[608, 80]
[608, 85]
[608, 90]
[608, 95]
[609, 100]
[609, 105]
[609, 110]
[609, 116]
[609, 121]
[609, 126]
[609, 131]
[609, 136]
[609, 141]
[609, 146]
[610, 151]
[610, 156]
[610, 161]
[610, 166]
[610, 171]
[610, 176]
[610, 181]
[611, 186]
[611, 191]
[611, 196]
[611, 201]
[611, 206]
[612, 211]
[612, 216]
[612, 221]
[612, 226]
[612, 232]
[613, 237]
[613, 242]
[613, 247]
[614, 252]
[614, 257]
[614, 262]
[615, 267]
[615, 273]
[615, 278]
[616, 283]
[616, 288]
[616, 293]
[617, 299]
[617, 304]
[617, 309]
[617, 314]
[618, 320]
[618, 325]
[618, 330]
[619, 335]
[619, 341]
[619, 346]
[619, 351]
[619, 356]
[620, 362]
[620, 367]
[620, 372]
[620, 377]
[620, 383]
[620, 388]
[620, 393]
[620, 398]
[621, 403]
[621, 408]
[621, 414]
[621, 419]
[621, 424]
[621, 429]
[620, 434]
[620, 439]
[620, 444]
[620, 449]
[620, 454]
[620, 459]
[620, 464]
[620, 469]
[620, 474]
[620, 479]
[620, 484]
[620, 489]
[620, 494]
[620, 499]
[620, 504]
[620, 509]
[620, 514]
[620, 519]
[620, 524]
[620, 529]
[620, 534]
[620, 539]
[620, 544]
[620, 549]
[620, 554]
[620, 559]
[619, 564]
[619, 569]
[619, 574]
[619, 579]
[619, 584]
[619, 589]
[619, 594]
[619, 599]
[619, 604]
[619, 609]
[620, 614]
[620, 619]
[620, 624]
[620, 629]
[620, 634]
[620, 639]
[620, 644]
[620, 649]
[620, 654]
[620, 659]
[620, 664]
[620, 669]
[620, 674]
[620, 679]
[620, 684]
[620, 689]
[620, 694]
[620, 699]
[620, 704]
[620, 709]
[620, 714]
[620, 719]
[620, 724]
[620, 729]
[620, 734]
[620, 739]
[620, 744]
[620, 749]
[620, 754]
[620, 759]
[620, 764]
[619, 769]
[619, 774]
[619, 779]
[619, 784]
[619, 789]
[619, 794]
[619, 799]
[619, 804]
[619, 809]
[619, 814]
[619, 819]
[619, 824]
[619, 829]
[619, 834]
[619, 839]
[619, 844]
[619, 849]
[619, 854]
[619, 859]
[619, 864]
[618, 869]
[618, 874]
[618, 879]
[618, 885]
[618, 890]
[618, 895]
[618, 900]
[618, 905]
[618, 910]
[618, 915]
[618, 920]
[618, 925]
[618, 930]
[618, 935]
[618, 940]
[618, 945]
[618, 950]
[618, 955]
[618, 960]
[618, 965]
[618, 970]
[618, 975]
[618, 980]
[618, 985]
[618, 990]
[618, 995]
[618, 1000]
[619, 1005]
[619, 1010]
[619, 1015]
[619, 1020]
[619, 1025]
[619, 1030]
[618, 1035]
[618, 1040]
[618, 1045]
[618, 1050]
[618, 1055]
[618, 1060]
[618, 1065]
[618, 1070]
[618, 1075]
[618, 1080]
[618, 1085]
[618, 1090]
[618, 1095]
[618, 1100]
[618, 1105]
[618, 1110]
[618, 1115]
[618, 1120]
[617, 1125]
[617, 1130]
[617, 1135]
[617, 1140]
[617, 1145]
[617, 1150]
[617, 1155]
[617, 1160]
[617, 1165]
[617, 1170]
[617, 1175]
[617, 1180]
[617, 1185]
[617, 1190]
[617, 1195]
[617, 1200]
[617, 1205]
[617, 1210]
[617, 1215]
[617, 1220]
[616, 1225]
[616, 1230]
[616, 1235]
[616, 1240]
[616, 1245]
[616, 1250]
[616, 1255]
[616, 1260]
[616, 1265]
[616, 1270]
[616, 1275]
[616, 1280]
[616, 1285]
[617, 1290]
[617, 1295]
[617, 1300]
[617, 1305]
[617, 1310]
[617, 1315]
[617, 1320]
[617, 1325]
[617, 1330]
[617, 1335]
[617, 1340]
[617, 1345]
[617, 1350]
[617, 1355]
[617, 1360]
[617, 1365]
[617, 1370]
[617, 1375]
[617, 1380]
[617, 1385]
[617, 1390]
[617, 1395]
[617, 1400]
[617, 1405]
[617, 1410]
[617, 1415]
[618, 1420]
[618, 1425]
[618, 1430]
[618, 1435]
[618, 1440]
[618, 1445]
[618, 1450]
[618, 1455]
[618, 1460]
[618, 1465]
[618, 1470]
[617, 1475]
[617, 1480]
[617, 1485]
[617, 1490]
[617, 1495]
[617, 1500]
[617, 1505]
[617, 1510]
[617, 1515]
[617, 1520]
[617, 1525]
[617, 1530]
[617, 1535]
[617, 1540]
[617, 1545]
[617, 1550]
[617, 1555]
[617, 1560]
[617, 1565]
[617, 1570]
[617, 1575]
[617, 1580]
[617, 1585]
[617, 1590]
[617, 1595]
[617, 1600]
[617, 1605]
[616, 1610]
[616, 1615]
[616, 1620]
[616, 1625]
[616, 1630]
[616, 1635]
[616, 1640]
[616, 1645]
[616, 1650]
[616, 1655]
[616, 1660]
[616, 1665]
[616, 1670]
[616, 1675]
[617, 1680]
[617, 1685]
[617, 1690]
[617, 1695]
[617, 1700]
[617, 1705]
[617, 1710]
[617, 1715]
[617, 1720]
[617, 1725]
[617, 1730]
[617, 1735]
[617, 1740]
[617, 1745]
[617, 1750]
[617, 1755]
[617, 1760]
[617, 1765]
[617, 1770]
[617, 1775]
[617, 1780]
[617, 1785]
[617, 1790]
[617, 1795]
[617, 1800]
[617, 1805]
[617, 1810]
[617, 1815]
[617, 1820]
[617, 1825]
[617, 1830]
[617, 1835]
[617, 1840]
[617, 1845]
[617, 1850]
[617, 1855]
[617, 1860]
[617, 1865]
[617, 1870]
[616, 1875]
[616, 1880]
[616, 1885]
[616, 1890]
[616, 1895]
[616, 1900]
[616, 1905]
[616, 1910]
[616, 1915]
[616, 1920]
[616, 1925]
[616, 1930]
[616, 1935]
[616, 1940]
[616, 1945]
[616, 1950]
[616, 1955]
[616, 1960]
[616, 1965]
[616, 1970]
[616, 1975]
[616, 1980]
[616, 1985]
[616, 1990]
[616, 1995]
[616, 2000]
[615, 2005]
[615, 2010]
[615, 2015]
[615, 2020]
[615, 2025]
[615, 2030]
[615, 2035]
[615, 2040]
[615, 2045]
[615, 2050]
[614, 2055]
[614, 2060]
[614, 2065]
[614, 2070]
[614, 2075]
[614, 2080]
[614, 2085]
[614, 2090]
[614, 2095]
[613, 2100]
[613, 2105]
[613, 2110]
[613, 2115]
[613, 2121]
[613, 2126]
[613, 2131]
[613, 2136]
[613, 2141]
[612, 2146]
[612, 2151]
[612, 2156]
[612, 2161]
[612, 2166]
[612, 2171]
[612, 2176]
[612, 2181]
[612, 2186]
[612, 2191]
[612, 2196]
[612, 2201]
[612, 2206]
[612, 2211]
[612, 2216]
[611, 2221]
[611, 2226]
[611, 2231]
[611, 2236]
[612, 2241]
[612, 2246]
[612, 2251]
[612, 2256]
[612, 2261]
[612, 2266]
[612, 2271]
[612, 2276]
[612, 2281]
[612, 2286]
[612, 2291]
[612, 2296]
[612, 2301]
[612, 2306]
[612, 2311]
[612, 2316]
[612, 2321]
[612, 2326]
[612, 2331]
[612, 2336]
[613, 2341]
[613, 2346]
[613, 2351]
[613, 2356]
[613, 2361]
[613, 2366]
[613, 2371]
[613, 2376]
[613, 2381]
[613, 2387]
[613, 2392]
[613, 2397]
[614, 2402]
[614, 2407]
[614, 2412]
[614, 2417]
[614, 2422]
[614, 2427]
[614, 2432]
[614, 2437]
[614, 2442]
[615, 2447]
[615, 2452]
[615, 2457]
[615, 2462]
[615, 2467]
[615, 2472]
[615, 2477]
[615, 2482]
[616, 2487]
[616, 2492]
[616, 2497]
[616, 2502]
[616, 2507]
[616, 2512]
[616, 2517]
[616, 2522]
[617, 2527]
[617, 2532]
[617, 2537]
[617, 2543]
[617, 2548]
[617, 2553]
[617, 2558]
[617, 2563]
[617, 2568]
[617, 2573]
[617, 2578]
[617, 2583]
[617, 2588]
[618, 2593]
[618, 2598]
[618, 2603]
[618, 2608]
[618, 2613]
[618, 2618]
[618, 2623]
[617, 2628]
[617, 2633]
[617, 2638]
[617, 2643]
[617, 2648]
[617, 2653]
[617, 2658]
[617, 2663]
[617, 2668]
[617, 2673]
[617, 2678]
[616, 2683]
[616, 2688]
[616, 2693]
[616, 2698]
[616, 2703]
[616, 2708]
[615, 2713]
[615, 2718]
[615, 2723]
[615, 2728]
[615, 2733]
[615, 2738]
[614, 2743]
[614, 2748]
[614, 2754]
[614, 2759]
[614, 2764]
[614, 2769]
[614, 2774]
[613, 2779]
[613, 2784]
[613, 2789]
[613, 2794]
[613, 2799]
[613, 2804]
[613, 2809]
[613, 2814]
[613, 2819]
[613, 2824]
[613, 2829]
[612, 2835]
[612, 2840]
[612, 2845]
[612, 2850]
[612, 2855]
[612, 2860]
[612, 2865]
[612, 2870]
[612, 2875]
[612, 2880]
[612, 2885]
[612, 2890]
[613, 2895]
[613, 2900]
[613, 2905]
[613, 2910]
[613, 2915]
[613, 2920]
[613, 2925]
[613, 2930]
[613, 2935]
[613, 2940]
[613, 2945]
[614, 2950]
[614, 2955]
[614, 2960]
[614, 2965]
[614, 2970]
[614, 2975]
[614, 2980]
[614, 2985]
[614, 2990]
[615, 2995]
[615, 3000]
[615, 3005]
[615, 3010]
[615, 3015]
[615, 3020]
[615, 3025]
[615, 3030]
[615, 3035]
[615, 3040]
[615, 3045]
[615, 3050]
[615, 3055]
[615, 3060]
[615, 3065]
[615, 3070]
[615, 3075]
[615, 3080]
[615, 3085]
[615, 3090]
[615, 3096]
[615, 3101]
[615, 3106]
[615, 3111]
[615, 3116]
[615, 3121]
[615, 3126]
[614, 3131]
[614, 3136]
[614, 3141]
[614, 3146]
[614, 3151]
[614, 3156]
[614, 3161]
[613, 3166]
[613, 3171]
[613, 3176]
[613, 3181]
[613, 3186]
[613, 3191]
[612, 3196]
[612, 3201]
[612, 3206]
[612, 3211]
[612, 3216]
[612, 3221]
[611, 3226]
[611, 3231]
[611, 3236]
[611, 3241]
[611, 3246]
[611, 3251]
[611, 3256]
[611, 3262]
[611, 3267]
[611, 3272]
[611, 3277]
[611, 3282]
[611, 3287]
[611, 3292]
[611, 3297]
[611, 3302]
[611, 3307]
[611, 3312]
[611, 3317]
[611, 3322]
[611, 3327]
[611, 3332]
[611, 3337]
[611, 3342]
[612, 3347]
[612, 3352]
[612, 3357]
[612, 3362]
[612, 3367]
[612, 3372]
[612, 3377]
[612, 3382]
[612, 3387]
[612, 3392]
[612, 3397]
[613, 3402]
[613, 3407]
[613, 3412]
[613, 3417]
[613, 3422]
[613, 3427]
[613, 3432]
[613, 3437]
[613, 3442]
[613, 3447]
[613, 3452]
[613, 3457]
[613, 3462]
[613, 3467]
[613, 3472]
[613, 3477]
[613, 3482]
[613, 3487]
[613, 3492]
[613, 3497]
[613, 3502]
[613, 3507]
[613, 3512]
[613, 3517]
[613, 3522]
[613, 3527]
[613, 3532]
[612, 3537]
[612, 3542]
[612, 3547]
[612, 3552]
[612, 3557]
[612, 3562]
[612, 3567]
[612, 3572]
[612, 3577]
[612, 3582]
[612, 3587]
[612, 3592]
[611, 3597]
[611, 3602]
[611, 3607]
[611, 3612]
[611, 3617]
[611, 3622]
[611, 3627]
[611, 3632]
[611, 3637]
[611, 3642]
[611, 3648]
[611, 3653]
[611, 3658]
[611, 3663]
[611, 3668]
[610, 3673]
[610, 3678]
[610, 3683]
[610, 3688]
[610, 3693]
[610, 3698]
[610, 3703]
[610, 3708]
[610, 3713]
[610, 3718]
[610, 3723]
[610, 3728]
[610, 3733]
[610, 3738]
[610, 3743]
[610, 3748]
[610, 3753]
[610, 3758]
[610, 3763]
[610, 3768]
[610, 3773]
[610, 3778]
[610, 3783]
[610, 3788]
[610, 3793]
[610, 3798]
[610, 3803]
[610, 3808]
[610, 3813]
[611, 3818]
[611, 3823]
[611, 3828]
[611, 3833]
[611, 3838]
[611, 3843]
[611, 3848]
[611, 3853]
[611, 3858]
[611, 3863]
[611, 3868]
[611, 3873]
[612, 3878]
[612, 3883]
[612, 3888]
[612, 3893]
[612, 3898]
[612, 3903]
[612, 3908]
[613, 3913]
[613, 3918]
[613, 3923]
[613, 3928]
[613, 3933]
[613, 3938]
[614, 3943]
[614, 3948]
[614, 3953]
[614, 3958]
[615, 3963]
[615, 3969]
[615, 3974]
[615, 3979]
[616, 3984]
[616, 3989]
[616, 3994]
[616, 3999]
[617, 4004]
[617, 4009]
[617, 4015]
[617, 4020]
[618, 4025]
[618, 4030]
[618, 4035]
[619, 4040]
[619, 4046]
[619, 4051]
[619, 4056]
[620, 4061]
[620, 4066]
[620, 4072]
[620, 4077]
[621, 4082]
[621, 4087]
[621, 4092]
[621, 4098]
[621, 4103]
[622, 4108]
[622, 4113]
[622, 4119]
[622, 4124]
[622, 4129]
[622, 4134]
[622, 4139]
[622, 4144]
[623, 4150]
[623, 4155]
[623, 4160]
[623, 4165]
[623, 4170]
[623, 4175]
[623, 4180]
[622, 4185]
[622, 4190]
[622, 4195]
[622, 4200]
[622, 4205]
[622, 4210]
[622, 4215]
[622, 4220]
[622, 4225]
[621, 4230]
[621, 4235]
[621, 4240]
[621, 4245]
[621, 4250]
[620, 4255]
[620, 4260]
[620, 4265]
[620, 4270]
[620, 4275]
[619, 4281]
[619, 4286]
[619, 4291]
[619, 4296]
[618, 4301]
[618, 4306]
[618, 4311]
[618, 4316]
[618, 4321]
[618, 4326]
[617, 4331]
[617, 4336]
[617, 4341]
[617, 4347]
[617, 4352]
[617, 4357]
[617, 4362]
[617, 4367]
[617, 4372]
[617, 4377]
[617, 4382]
[617, 4387]
[617, 4392]
[617, 4397]
[617, 4402]
[617, 4407]
[617, 4412]
[617, 4417]
[617, 4423]
[617, 4428]
[617, 4433]
[617, 4438]
[617, 4443]
[617, 4448]
[617, 4453]
[617, 4458]
[618, 4463]
[618, 4468]
[618, 4473]
[618, 4478]
[618, 4483]
[618, 4488]
[619, 4493]
[619, 4498]
[619, 4503]
[619, 4508]
[619, 4513]
[619, 4518]
[619, 4523]
[620, 4528]
[620, 4533]
[620, 4538]
[620, 4543]
[620, 4548]
[620, 4553]
[620, 4558]
[620, 4563]
[620, 4568]
[620, 4573]
[620, 4578]
[620, 4583]
[620, 4588]
[621, 4593]
[621, 4598]
[621, 4603]
[621, 4608]
[621, 4613]
[621, 4619]
[621, 4624]
[621, 4629]
[621, 4634]
[621, 4639]
[621, 4644]
[620, 4649]
[620, 4654]
[620, 4659]
[620, 4664]
[620, 4669]
[620, 4674]
[620, 4679]
[620, 4684]
[620, 4689]
[620, 4694]
[620, 4699]
[620, 4704]
[620, 4709]
[619, 4714]
[619, 4719]
[619, 4724]
[619, 4729]
[619, 4734]
[619, 4739]
[619, 4744]
[619, 4749]
[619, 4754]
[618, 4759]
[618, 4764]
[618, 4769]
[618, 4774]
[618, 4779]
[618, 4784]
[618, 4789]
[618, 4794]
[617, 4799]
[617, 4804]
[617, 4809]
[617, 4814]
[617, 4819]
[617, 4824]
[617, 4829]
[617, 4834]
[616, 4839]
[616, 4844]
[616, 4849]
[616, 4854]
[616, 4860]
[616, 4865]
[616, 4870]
[616, 4875]
[615, 4880]
[615, 4885]
[615, 4890]
[615, 4895]
[615, 4900]
[615, 4905]
[615, 4910]
[615, 4915]
[615, 4920]
[615, 4925]
[614, 4930]
[614, 4935]
[614, 4940]
[614, 4945]
[614, 4950]
[614, 4955]
[614, 4961]
[614, 4966]
[614, 4971]
[614, 4976]
[614, 4981]
[613, 4986]
[613, 4991]
[613, 4996]
[613, 5001]
[613, 5006]
[613, 5011]
[613, 5016]
[613, 5021]
[613, 5026]
[613, 5031]
[613, 5036]
[613, 5041]
[613, 5046]
[613, 5051]
[613, 5056]
[613, 5061]
[613, 5066]
[613, 5071]
[612, 5076]
[612, 5081]
[612, 5086]
[612, 5091]
[612, 5096]
[612, 5101]
[612, 5106]
[612, 5111]
[612, 5116]
[612, 5121]
[612, 5126]
[612, 5131]
[612, 5136]
[613, 5141]
[613, 5146]
[613, 5151]
[613, 5156]
[613, 5161]
[613, 5166]
[613, 5171]
[613, 5176]
[613, 5181]
[613, 5186]
[613, 5191]
[613, 5196]
[613, 5201]
[613, 5206]
[613, 5211]
[613, 5216]
[613, 5221]
[613, 5226]
[613, 5231]
[613, 5236]
[613, 5241]
[613, 5246]
[613, 5251]
[613, 5256]
[613, 5261]
[613, 5266]
[613, 5271]
[613, 5276]
[613, 5281]
[613, 5286]
[613, 5291]
[613, 5296]
[613, 5301]
[613, 5306]
[613, 5311]
[613, 5316]
[613, 5321]
[613, 5326]
[613, 5331]
[613, 5336]
[613, 5341]
[613, 5346]
[613, 5351]
[613, 5356]
[613, 5361]
[613, 5366]
[613, 5371]
[613, 5376]
[614, 5381]
[614, 5386]
[614, 5391]
[614, 5396]
[614, 5401]
[614, 5406]
[614, 5411]
[615, 5416]
[615, 5421]
[615, 5426]
[615, 5431]
[615, 5436]
[616, 5442]
[616, 5447]
[616, 5452]
[616, 5457]
[617, 5462]
[617, 5467]
[617, 5472]
[618, 5477]
[618, 5482]
[618, 5487]
[619, 5492]
[619, 5497]
[619, 5503]
[619, 5508]
[620, 5513]
[620, 5518]
[620, 5523]
[621, 5529]
[621, 5534]
[621, 5539]
[621, 5544]
[621, 5549]
[622, 5555]
[622, 5560]
[622, 5565]
[622, 5570]
[622, 5575]
[622, 5581]
[622, 5586]
[623, 5591]
[623, 5596]
[623, 5601]
[623, 5606]
[623, 5612]
[622, 5617]
[622, 5622]
[622, 5627]
[622, 5632]
[622, 5637]
[622, 5642]
[622, 5647]
[622, 5652]
[622, 5657]
[621, 5662]
[621, 5667]
[621, 5672]
[621, 5677]
[621, 5682]
[620, 5687]
[620, 5692]
[620, 5697]
[620, 5702]
[619, 5707]
[619, 5712]
[619, 5717]
[619, 5722]
[619, 5727]
[618, 5732]
[618, 5737]
[618, 5742]
[618, 5748]
[618, 5753]
[617, 5758]
[617, 5763]
[617, 5768]
[617, 5773]
[617, 5778]
[616, 5783]
[616, 5788]
[616, 5794]
[616, 5799]
[616, 5804]
[616, 5809]
[616, 5814]
[616, 5819]
[616, 5824]
[616, 5829]
[616, 5834]
[615, 5839]
[615, 5845]
[615, 5850]
[615, 5855]
[615, 5860]
[615, 5865]
[615, 5870]
[615, 5875]
[615, 5880]
[615, 5885]
[615, 5890]
[615, 5895]
[615, 5900]
[615, 5905]
[615, 5910]
[615, 5915]
[615, 5920]
[615, 5925]
[615, 5930]
[615, 5935]
[615, 5940]
[615, 5945]
[615, 5950]
[615, 5955]
[615, 5960]
[615, 5965]
[615, 5970]
[615, 5975]
[615, 5980]
[615, 5985]
[614, 5990]
[615, 5995]
[615, 6000]
[615, 6005]
[615, 6010]
[615, 6015]
[615, 6020]
[615, 6025]
[615, 6030]
[615, 6035]
[615, 6040]
[615, 6045]
[615, 6050]
[615, 6055]
[615, 6060]
[615, 6065]
[615, 6070]
[615, 6075]
[615, 6080]
[615, 6085]
[615, 6090]
[615, 6095]
[615, 6100]
[615, 6105]
[615, 6110]
[615, 6115]
[615, 6120]
[615, 6125]
[615, 6130]
[615, 6135]
[615, 6140]
[615, 6145]
[615, 6150]
[615, 6155]
[615, 6160]
[615, 6165]
[615, 6170]
[615, 6175]
[615, 6180]
[615, 6185]
[615, 6190]
[615, 6195]
[615, 6200]
[615, 6205]
[615, 6210]
[615, 6215]
[615, 6220]
[615, 6225]
[615, 6230]
[615, 6235]
[615, 6240]
[615, 6245]
[615, 6250]
[615, 6255]
[615, 6260]
[615, 6265]
[615, 6270]
[615, 6275]
[615, 6280]
[615, 6285]
[616, 6290]
[616, 6295]
[616, 6300]
[616, 6305]
[616, 6310]
[616, 6315]
[616, 6320]
[616, 6325]
[616, 6330]
[616, 6335]
[616, 6340]
[616, 6345]
[616, 6350]
[616, 6355]
[616, 6360]
[617, 6365]
[617, 6370]
[617, 6375]
[617, 6380]
[617, 6385]
[617, 6391]
[617, 6396]
[617, 6401]
[617, 6406]
[617, 6411]
[617, 6416]
[617, 6421]
[617, 6426]
[618, 6431]
[618, 6436]
[618, 6441]
[618, 6446]
[618, 6451]
[618, 6456]
[618, 6461]
[618, 6466]
[618, 6471]
[618, 6476]
[619, 6481]
[619, 6486]
[619, 6491]
[619, 6496]
[619, 6501]
[619, 6506]
[619, 6511]
[619, 6516]
[619, 6521]
[619, 6526]
[619, 6531]
[619, 6536]
[619, 6541]
[619, 6546]
[620, 6551]
[620, 6556]
[620, 6561]
[620, 6566]
[620, 6571]
[620, 6576]
[620, 6581]
[620, 6586]
[620, 6591]
[620, 6596]
[620, 6601]
[620, 6606]
[620, 6611]
[620, 6616]
[620, 6622]
[620, 6627]
[620, 6632]
[620, 6637]
[620, 6642]
[620, 6647]
[620, 6652]
[620, 6657]
[620, 6662]
[620, 6667]
[620, 6672]
[620, 6677]
[620, 6682]
[620, 6687]
[620, 6692]
[620, 6697]
[620, 6702]
[620, 6707]
[620, 6712]
[620, 6717]
[620, 6722]
[620, 6727]
[620, 6732]
[620, 6737]
[620, 6742]
[620, 6747]
[620, 6752]
[620, 6757]
[620, 6762]
[620, 6767]
[619, 6772]
[619, 6777]
[619, 6782]
[619, 6787]
[619, 6792]
[619, 6797]
[619, 6802]
[619, 6807]
[619, 6812]
[619, 6817]
[619, 6822]
[619, 6827]
[619, 6832]
[619, 6837]
[619, 6842]
[619, 6847]
[619, 6852]
[619, 6857]
[619, 6862]
[619, 6867]
[619, 6872]
[619, 6877]
[619, 6882]
[619, 6887]
[619, 6892]
[619, 6897]
[619, 6902]
[619, 6907]
[619, 6912]
[619, 6917]
[619, 6922]
[619, 6927]
[619, 6932]
[619, 6937]
[619, 6942]
[619, 6947]
[619, 6952]
[619, 6957]
[619, 6962]
[619, 6967]
[619, 6972]
[619, 6977]
[619, 6982]
[619, 6987]
[619, 6992]
[620, 6997]
[620, 7002]
[620, 7007]
[620, 7012]
[620, 7017]
[620, 7022]
[620, 7027]
[620, 7032]
[620, 7037]
[620, 7042]
[620, 7047]
[620, 7052]
[620, 7057]
[621, 7062]
[621, 7067]
[621, 7072]
[621, 7077]
[621, 7082]
[621, 7087]
[621, 7092]
[621, 7097]
[621, 7102]
[621, 7107]
[621, 7112]
[621, 7117]
[621, 7122]
[621, 7127]
[621, 7132]
[621, 7137]
[621, 7142]
[621, 7147]
[621, 7152]
[621, 7157]
[620, 7162]
[620, 7167]
[620, 7172]
[620, 7177]
[620, 7182]
[620, 7187]
[620, 7192]
[620, 7197]
[619, 7202]
[619, 7207]
[619, 7212]
[619, 7217]
[619, 7222]
[618, 7227]
[618, 7232]
[618, 7237]
[618, 7242]
[618, 7247]
[617, 7252]
[617, 7257]
[617, 7263]
[617, 7268]
[617, 7273]
[617, 7278]
[616, 7283]
[616, 7288]
[616, 7293]
[616, 7298]
[616, 7303]
[616, 7308]
[616, 7313]
[616, 7318]
[615, 7324]
[615, 7329]
[615, 7334]
[615, 7339]
[615, 7344]
[615, 7349]
[615, 7354]
[615, 7359]
[615, 7364]
[615, 7369]
[615, 7374]
[615, 7379]
[615, 7384]
[616, 7389]
[616, 7394]
[616, 7399]
[616, 7404]
[616, 7409]
[616, 7414]
[616, 7419]
[616, 7424]
[616, 7429]
[617, 7434]
[617, 7439]
[617, 7444]
[617, 7449]
[617, 7454]
[618, 7459]
[618, 7464]
[618, 7469]
[618, 7474]
[618, 7479]
[619, 7485]
[619, 7490]
[619, 7495]
[619, 7500]
[619, 7505]
[620, 7510]
[620, 7515]
[620, 7520]
[620, 7525]
[620, 7530]
[620, 7535]
[621, 7540]
[621, 7545]
[621, 7551]
[621, 7556]
[621, 7561]
[621, 7566]
[622, 7571]
[622, 7576]
[622, 7581]
[622, 7586]
[622, 7591]
[622, 7596]
[622, 7602]
[622, 7607]
[622, 7612]
[622, 7617]
[622, 7622]
[623, 7627]
[623, 7632]
[623, 7637]
[623, 7642]
[623, 7647]
[623, 7652]
[623, 7657]
[623, 7662]
[623, 7667]
[623, 7672]
[622, 7677]
[622, 7682]
[622, 7687]
[622, 7692]
[622, 7697]
[622, 7702]
[622, 7707]
[622, 7712]
[622, 7717]
[622, 7722]
[621, 7727]
[621, 7732]
[621, 7737]
[621, 7742]
[621, 7747]
[621, 7752]
[621, 7757]
[621, 7762]
[620, 7767]
[620, 7772]
[620, 7777]
[620, 7782]
[620, 7788]
[616, 7787]
[618, 7792]
[615, 7797]
[618, 7802]
[621, 7808]
[620, 7813]
[618, 7817]
[615, 7822]
[615, 7827]
[614, 7832]
[616, 7837]
[618, 7842]
[616, 7847]
[615, 7852]
[621, 7858]
[620, 7863]
[617, 7867]
[617, 7872]
[623, 7878]
[620, 7883]
[614, 7887]
[614, 7892]
[618, 7898]
[613, 7902]
[615, 7907]
[617, 7913]
[614, 7917]
[615, 7922]
[618, 7928]
[620, 7933]
[621, 7938]
[620, 7943]
[617, 7948]
[620, 7953]
[615, 7957]
[617, 7963]
[619, 7968]
[621, 7973]
[612, 7977]
[613, 7982]
[612, 7987]
[616, 7992]
[616, 7998]
[616, 8003]
[615, 8007]
[613, 8012]
[615, 8017]
[616, 8023]
[613, 8027]
[616, 8033]
[615, 8038]
