[716, 0]
[717, 5]
[717, 10]
[717, 15]
[717, 20]
[718, 25]
[718, 30]
[718, 35]
[718, 40]
[718, 45]
[718, 50]
[718, 55]
[719, 60]
[718, 65]
[719, 70]
[719, 75]
[719, 80]
[719, 85]
[720, 90]
[720, 95]
[720, 100]
[720, 105]
[720, 110]
[721, 115]
[721, 120]
[721, 125]
[721, 130]
[721, 136]
[721, 141]
[721, 146]
[721, 151]
[722, 156]
[722, 161]
[722, 166]
[722, 171]
[722, 176]
[722, 181]
[722, 186]
[722, 192]
[722, 197]
[722, 202]
[722, 207]
[722, 212]
[722, 217]
[722, 222]
[722, 227]
[722, 232]
[722, 237]
[722, 242]
[722, 247]
[722, 252]
[722, 257]
[721, 262]
[721, 267]
[721, 272]
[721, 277]
[721, 282]
[721, 287]
[721, 292]
[721, 297]
[720, 302]
[720, 307]
[720, 312]
[720, 317]
[720, 322]
[720, 327]
[719, 332]
[719, 337]
[719, 342]
[719, 347]
[719, 352]
[719, 357]
[718, 362]
[718, 367]
[718, 372]
[718, 378]
[717, 383]
[717, 388]
[717, 393]
[717, 398]
[717, 403]
[717, 408]
[716, 413]
[716, 418]
[716, 423]
[716, 429]
[716, 434]
[716, 439]
[716, 444]
[715, 449]
[715, 454]
[715, 459]
[715, 464]
[715, 469]
[715, 474]
[715, 480]
[715, 485]
[715, 490]
[715, 495]
[715, 500]
[715, 505]
[715, 510]
[715, 515]
[715, 520]
[715, 525]
[715, 530]
[715, 535]
[715, 540]
[715, 545]
[715, 550]
[715, 555]
[716, 560]
[716, 565]
[716, 570]
[716, 575]
[716, 580]
[716, 585]
[717, 590]
[717, 595]
[717, 600]
[717, 605]
[717, 610]
[718, 615]
[718, 620]
[718, 625]
[718, 630]
[718, 635]
[718, 640]
[719, 645]
[719, 651]
[719, 656]
[719, 661]
[719, 666]
[719, 671]
[720, 676]
[720, 681]
[720, 686]
[720, 691]
[720, 696]
[720, 701]
[720, 706]
[720, 711]
[720, 717]
[720, 722]
[720, 727]
[721, 732]
[721, 737]
[721, 742]
[721, 747]
[721, 752]
[721, 757]
[720, 762]
[720, 767]
[720, 772]
[720, 777]
[720, 782]
[720, 787]
[720, 792]
[720, 797]
[720, 802]
[720, 807]
[720, 812]
[720, 817]
[720, 822]
[720, 827]
[720, 832]
[719, 837]
[719, 842]
[719, 847]
[719, 852]
[719, 857]
[719, 862]
[719, 867]
[719, 872]
[719, 877]
[719, 882]
[719, 887]
[719, 892]
[719, 897]
[719, 902]
[719, 907]
[719, 912]
[719, 917]
[718, 922]
[718, 927]
[718, 932]
[718, 937]
[718, 942]
[718, 947]
[718, 952]
[718, 957]
[718, 962]
[718, 967]
[718, 972]
[718, 977]
[718, 982]
[718, 987]
[718, 992]
[718, 997]
[718, 1002]
[718, 1007]
[718, 1012]
[718, 1017]
[718, 1022]
[718, 1027]
[718, 1032]
[719, 1037]
[719, 1042]
[719, 1047]
[719, 1052]
[719, 1057]
[719, 1062]
[719, 1067]
[719, 1072]
[719, 1077]
[719, 1082]
[719, 1087]
[719, 1092]
[719, 1097]
[719, 1102]
[719, 1107]
[719, 1112]
[719, 1117]
[719, 1122]
[719, 1127]
[719, 1132]
[719, 1137]
[719, 1142]
[719, 1147]
[719, 1152]
[719, 1157]
[719, 1162]
[720, 1167]
[720, 1172]
[720, 1177]
[720, 1182]
[720, 1187]
[720, 1192]
[720, 1197]
[720, 1202]
[720, 1207]
[720, 1212]
[720, 1217]
[720, 1222]
[720, 1227]
[720, 1232]
[720, 1237]
[720, 1242]
[720, 1247]
[720, 1252]
[719, 1257]
[719, 1262]
[719, 1267]
[719, 1272]
[719, 1277]
[719, 1282]
[719, 1287]
[719, 1292]
[719, 1297]
[719, 1302]
[719, 1307]
[719, 1312]
[719, 1317]
[719, 1322]
[719, 1327]
[719, 1332]
[719, 1337]
[718, 1342]
[718, 1347]
[718, 1353]
[718, 1358]
[718, 1363]
[718, 1368]
[718, 1373]
[718, 1378]
[718, 1383]
[718, 1388]
[718, 1393]
[717, 1398]
[717, 1403]
[717, 1408]
[717, 1413]
[717, 1418]
[717, 1423]
[717, 1428]
[717, 1433]
[717, 1438]
[717, 1443]
[717, 1448]
[716, 1453]
[716, 1458]
[716, 1463]
[716, 1468]
[716, 1473]
[716, 1478]
[716, 1483]
[716, 1488]
[716, 1493]
[716, 1498]
[716, 1503]
[716, 1508]
[716, 1513]
[716, 1518]
[715, 1523]
[715, 1528]
[715, 1533]
[715, 1538]
[715, 1543]
[715, 1548]
[715, 1553]
[715, 1558]
[715, 1563]
[715, 1568]
[715, 1573]
[715, 1578]
[715, 1583]
[715, 1589]
[715, 1594]
[715, 1599]
[715, 1604]
[715, 1609]
[715, 1614]
[715, 1619]
[715, 1624]
[715, 1629]
[714, 1634]
[714, 1639]
[714, 1644]
[714, 1649]
[714, 1654]
[714, 1659]
[714, 1664]
[714, 1669]
[714, 1674]
[714, 1679]
[714, 1684]
[714, 1689]
[714, 1694]
[714, 1699]
[714, 1704]
[714, 1709]
[714, 1714]
[714, 1719]
[714, 1724]
[714, 1729]
[714, 1734]
[714, 1739]
[714, 1744]
[714, 1749]
[714, 1754]
[714, 1759]
[715, 1764]
[715, 1769]
[715, 1774]
[715, 1779]
[715, 1784]
[715, 1789]
[715, 1794]
[715, 1799]
[714, 1804]
[714, 1809]
[714, 1814]
[714, 1819]
[714, 1824]
[714, 1829]
[714, 1834]
[714, 1839]
[714, 1844]
[714, 1849]
[714, 1854]
[714, 1859]
[714, 1864]
[714, 1869]
[714, 1874]
[714, 1879]
[714, 1884]
[714, 1889]
[714, 1894]
[714, 1899]
[714, 1904]
[714, 1909]
[714, 1914]
[714, 1919]
[714, 1924]
[714, 1929]
[714, 1934]
[714, 1939]
[714, 1944]
[714, 1949]
[714, 1954]
[715, 1959]
[715, 1964]
[715, 1969]
[715, 1974]
[715, 1979]
[715, 1984]
[715, 1989]
[715, 1994]
[715, 1999]
[715, 2004]
[715, 2009]
[715, 2014]
[715, 2019]
[715, 2024]
[715, 2029]
[715, 2034]
[716, 2039]
[716, 2044]
[716, 2049]
[716, 2054]
[716, 2059]
[716, 2064]
[716, 2069]
[717, 2074]
[717, 2079]
[717, 2084]
[717, 2089]
[717, 2094]
[717, 2099]
[718, 2104]
[718, 2109]
[718, 2114]
[718, 2119]
[718, 2124]
[719, 2129]
[719, 2134]
[719, 2139]
[719, 2144]
[719, 2150]
[720, 2155]
[720, 2160]
[720, 2165]
[720, 2170]
[720, 2175]
[721, 2180]
[721, 2185]
[721, 2190]
[721, 2195]
[721, 2201]
[721, 2206]
[721, 2211]
[722, 2216]
[722, 2221]
[722, 2226]
[722, 2231]
[722, 2236]
[722, 2241]
[722, 2246]
[722, 2252]
[722, 2257]
[722, 2262]
[722, 2267]
[721, 2272]
[721, 2277]
[721, 2282]
[721, 2287]
[721, 2292]
[721, 2297]
[721, 2302]
[720, 2307]
[720, 2312]
[720, 2317]
[720, 2322]
[720, 2327]
[719, 2332]
[719, 2337]
[719, 2342]
[718, 2347]
[718, 2352]
[718, 2357]
[718, 2362]
[717, 2367]
[717, 2372]
[717, 2377]
[717, 2383]
[716, 2388]
[716, 2393]
[716, 2398]
[715, 2403]
[715, 2408]
[715, 2413]
[715, 2419]
[715, 2424]
[714, 2429]
[714, 2434]
[714, 2439]
[714, 2445]
[713, 2450]
[713, 2455]
[713, 2460]
[713, 2465]
[713, 2471]
[713, 2476]
[713, 2481]
[713, 2486]
[713, 2491]
[713, 2496]
[712, 2501]
[712, 2507]
[712, 2512]
[712, 2517]
[712, 2522]
[712, 2527]
[712, 2532]
[712, 2537]
[712, 2542]
[712, 2547]
[712, 2552]
[712, 2557]
[712, 2562]
[712, 2567]
[712, 2572]
[712, 2577]
[712, 2582]
[712, 2587]
[712, 2592]
[712, 2597]
[712, 2602]
[712, 2607]
[712, 2612]
[712, 2617]
[712, 2622]
[712, 2627]
[712, 2632]
[712, 2637]
[712, 2642]
[712, 2647]
[712, 2652]
[712, 2657]
[712, 2662]
[712, 2667]
[712, 2672]
[712, 2677]
[712, 2682]
[712, 2687]
[712, 2692]
[712, 2697]
[712, 2702]
[712, 2707]
[712, 2712]
[712, 2717]
[712, 2722]
[712, 2727]
[712, 2732]
[712, 2737]
[712, 2742]
[712, 2747]
[712, 2752]
[712, 2757]
[712, 2762]
[712, 2767]
[712, 2772]
[712, 2777]
[712, 2782]
[712, 2787]
[712, 2792]
[712, 2797]
[712, 2802]
[712, 2807]
[712, 2812]
[712, 2817]
[712, 2822]
[713, 2827]
[713, 2832]
[713, 2837]
[713, 2842]
[713, 2847]
[713, 2852]
[713, 2857]
[713, 2862]
[713, 2867]
[713, 2872]
[713, 2877]
[713, 2882]
[713, 2887]
[714, 2892]
[714, 2897]
[714, 2902]
[714, 2907]
[714, 2912]
[714, 2917]
[714, 2922]
[714, 2928]
[714, 2933]
[714, 2938]
[715, 2943]
[715, 2948]
[715, 2953]
[715, 2958]
[715, 2963]
[715, 2968]
[715, 2973]
[715, 2978]
[715, 2983]
[716, 2988]
[716, 2993]
[716, 2998]
[716, 3003]
[716, 3008]
[716, 3013]
[716, 3018]
[716, 3023]
[717, 3028]
[717, 3033]
[717, 3038]
[717, 3043]
[717, 3048]
[717, 3053]
[717, 3058]
[717, 3063]
[718, 3069]
[718, 3074]
[718, 3079]
[718, 3084]
[718, 3089]
[718, 3094]
[718, 3099]
[718, 3104]
[719, 3109]
[719, 3114]
[719, 3119]
[719, 3124]
[719, 3129]
[719, 3134]
[719, 3139]
[719, 3144]
[719, 3149]
[719, 3154]
[720, 3159]
[720, 3165]
[720, 3170]
[720, 3175]
[720, 3180]
[720, 3185]
[720, 3190]
[720, 3195]
[720, 3200]
[720, 3205]
[720, 3210]
[720, 3215]
[720, 3220]
[720, 3225]
[720, 3230]
[720, 3235]
[720, 3240]
[720, 3245]
[720, 3250]
[720, 3255]
[720, 3260]
[720, 3265]
[720, 3270]
[720, 3275]
[720, 3280]
[720, 3285]
[720, 3290]
[719, 3295]
[719, 3300]
[719, 3305]
[719, 3310]
[719, 3315]
[719, 3320]
[719, 3325]
[719, 3330]
[718, 3335]
[718, 3340]
[718, 3345]
[718, 3350]
[718, 3355]
[718, 3360]
[718, 3365]
[718, 3370]
[717, 3375]
[717, 3380]
[717, 3385]
[717, 3390]
[717, 3395]
[717, 3400]
[717, 3405]
[717, 3410]
[717, 3416]
[717, 3421]
[717, 3426]
[717, 3431]
[717, 3436]
[717, 3441]
[717, 3446]
[716, 3451]
[716, 3456]
[716, 3461]
[717, 3466]
[717, 3471]
[717, 3476]
[717, 3481]
[717, 3486]
[717, 3491]
[717, 3496]
[717, 3501]
[717, 3506]
[717, 3511]
[717, 3516]
[717, 3521]
[718, 3526]
[718, 3531]
[718, 3536]
[718, 3541]
[718, 3546]
[718, 3551]
[719, 3556]
[719, 3561]
[719, 3566]
[719, 3571]
[719, 3576]
[720, 3581]
[720, 3586]
[720, 3591]
[720, 3596]
[720, 3601]
[720, 3606]
[721, 3611]
[721, 3617]
[721, 3622]
[721, 3627]
[721, 3632]
[721, 3637]
[722, 3642]
[722, 3647]
[722, 3652]
[722, 3657]
[722, 3662]
[722, 3667]
[722, 3672]
[722, 3677]
[722, 3683]
[722, 3688]
[722, 3693]
[722, 3698]
[722, 3703]
[722, 3708]
[722, 3713]
[721, 3718]
[721, 3723]
[721, 3728]
[721, 3733]
[721, 3738]
[721, 3743]
[720, 3748]
[720, 3753]
[720, 3758]
[720, 3763]
[720, 3768]
[719, 3773]
[719, 3778]
[719, 3783]
[719, 3788]
[718, 3793]
[718, 3798]
[718, 3803]
[718, 3808]
[717, 3813]
[717, 3818]
[717, 3823]
[717, 3829]
[716, 3834]
[716, 3839]
[716, 3844]
[716, 3849]
[715, 3854]
[715, 3860]
[715, 3865]
[714, 3870]
[714, 3875]
[714, 3880]
[714, 3886]
[714, 3891]
[713, 3896]
[713, 3901]
[713, 3906]
[713, 3912]
[712, 3917]
[712, 3922]
[712, 3927]
[712, 3932]
[712, 3938]
[712, 3943]
[711, 3948]
[711, 3953]
[711, 3958]
[711, 3963]
[711, 3969]
[711, 3974]
[711, 3979]
[711, 3984]
[710, 3989]
[710, 3994]
[710, 3999]
[710, 4004]
[710, 4009]
[710, 4015]
[710, 4020]
[710, 4025]
[710, 4030]
[710, 4035]
[710, 4040]
[710, 4045]
[710, 4050]
[710, 4055]
[710, 4060]
[710, 4065]
[709, 4070]
[709, 4075]
[709, 4080]
[709, 4085]
[709, 4090]
[709, 4095]
[709, 4100]
[709, 4105]
[709, 4110]
[709, 4115]
[709, 4120]
[709, 4125]
[710, 4130]
[710, 4135]
[710, 4140]
[710, 4145]
[710, 4150]
[710, 4155]
[710, 4160]
[710, 4165]
[710, 4170]
[710, 4175]
[710, 4180]
[710, 4185]
[710, 4190]
[710, 4195]
[710, 4200]
[710, 4205]
[710, 4210]
[710, 4215]
[711, 4220]
[711, 4225]
[711, 4230]
[711, 4235]
[711, 4240]
[711, 4245]
[711, 4250]
[711, 4255]
[711, 4260]
[711, 4265]
[711, 4270]
[711, 4275]
[712, 4280]
[712, 4285]
[712, 4291]
[712, 4296]
[712, 4301]
[712, 4306]
[712, 4311]
[712, 4316]
[712, 4321]
[712, 4326]
[712, 4331]
[712, 4336]
[712, 4341]
[712, 4346]
[712, 4351]
[712, 4356]
[712, 4361]
[712, 4366]
[713, 4371]
[713, 4376]
[713, 4381]
[713, 4386]
[713, 4391]
[713, 4396]
[713, 4401]
[712, 4406]
[712, 4411]
[712, 4416]
[712, 4421]
[712, 4426]
[712, 4431]
[712, 4436]
[712, 4441]
[712, 4446]
[712, 4451]
[712, 4456]
[712, 4461]
[712, 4466]
[712, 4471]
[712, 4476]
[711, 4481]
[711, 4486]
[711, 4491]
[711, 4496]
[711, 4501]
[711, 4506]
[711, 4511]
[711, 4516]
[711, 4521]
[711, 4526]
[711, 4531]
[711, 4536]
[711, 4541]
[711, 4546]
[711, 4551]
[711, 4556]
[711, 4561]
[711, 4566]
[711, 4571]
[711, 4576]
[711, 4581]
[711, 4586]
[711, 4591]
[711, 4596]
[711, 4601]
[711, 4606]
[711, 4611]
[711, 4616]
[711, 4621]
[711, 4626]
[711, 4631]
[712, 4636]
[712, 4641]
[712, 4646]
[712, 4651]
[712, 4656]
[712, 4661]
[712, 4666]
[713, 4671]
[713, 4676]
[713, 4681]
[713, 4686]
[713, 4691]
[713, 4696]
[713, 4701]
[714, 4706]
[714, 4711]
[714, 4716]
[714, 4721]
[714, 4727]
[714, 4732]
[714, 4737]
[714, 4742]
[714, 4747]
[714, 4752]
[714, 4757]
[714, 4762]
[715, 4767]
[715, 4772]
[715, 4777]
[715, 4782]
[715, 4787]
[715, 4792]
[715, 4797]
[715, 4802]
[715, 4807]
[715, 4812]
[715, 4817]
[714, 4822]
[714, 4827]
[714, 4832]
[714, 4837]
[714, 4842]
[714, 4847]
[714, 4852]
[714, 4857]
[714, 4862]
[714, 4867]
[714, 4872]
[714, 4877]
[713, 4882]
[713, 4887]
[713, 4892]
[713, 4897]
[713, 4902]
[713, 4907]
[713, 4912]
[713, 4917]
[713, 4922]
[713, 4927]
[712, 4932]
[712, 4937]
[712, 4942]
[712, 4947]
[712, 4952]
[712, 4957]
[712, 4962]
[712, 4967]
[712, 4973]
[712, 4978]
[712, 4983]
[712, 4988]
[712, 4993]
[712, 4998]
[712, 5003]
[712, 5008]
[712, 5013]
[712, 5018]
[712, 5023]
[712, 5028]
[712, 5033]
[712, 5038]
[712, 5043]
[712, 5048]
[713, 5053]
[713, 5058]
[713, 5063]
[713, 5068]
[713, 5073]
[713, 5078]
[713, 5083]
[714, 5088]
[714, 5093]
[714, 5098]
[714, 5103]
[714, 5108]
[714, 5113]
[714, 5118]
[715, 5123]
[715, 5128]
[715, 5133]
[715, 5138]
[715, 5143]
[715, 5148]
[716, 5153]
[716, 5158]
[716, 5163]
[716, 5168]
[716, 5173]
[716, 5178]
[716, 5183]
[717, 5189]
[717, 5194]
[717, 5199]
[717, 5204]
[717, 5209]
[717, 5214]
[717, 5219]
[717, 5224]
[717, 5229]
[717, 5234]
[717, 5239]
[717, 5244]
[717, 5249]
[717, 5254]
[717, 5259]
[717, 5264]
[717, 5269]
[717, 5274]
[717, 5279]
[717, 5284]
[717, 5289]
[717, 5294]
[716, 5299]
[716, 5304]
[716, 5309]
[716, 5314]
[716, 5319]
[716, 5324]
[716, 5329]
[716, 5334]
[716, 5339]
[716, 5344]
[715, 5349]
[715, 5354]
[715, 5359]
[715, 5364]
[715, 5369]
[715, 5374]
[715, 5379]
[715, 5384]
[714, 5389]
[714, 5394]
[714, 5400]
[714, 5405]
[714, 5410]
[714, 5415]
[714, 5420]
[713, 5425]
[713, 5430]
[713, 5435]
[713, 5440]
[713, 5445]
[713, 5450]
[713, 5455]
[713, 5460]
[713, 5465]
[713, 5470]
[712, 5475]
[712, 5480]
[712, 5485]
[712, 5490]
[712, 5495]
[712, 5500]
[712, 5505]
[712, 5510]
[712, 5515]
[712, 5521]
[712, 5526]
[712, 5531]
[712, 5536]
[712, 5541]
[712, 5546]
[712, 5551]
[712, 5556]
[711, 5561]
[711, 5566]
[711, 5571]
[711, 5576]
[711, 5581]
[711, 5586]
[711, 5591]
[711, 5596]
[711, 5601]
[711, 5606]
[711, 5611]
[711, 5616]
[711, 5621]
[711, 5626]
[711, 5631]
[711, 5636]
[711, 5641]
[711, 5646]
[711, 5651]
[711, 5656]
[711, 5661]
[711, 5666]
[712, 5671]
[712, 5676]
[712, 5681]
[712, 5686]
[712, 5691]
[712, 5696]
[712, 5701]
[712, 5706]
[712, 5711]
[712, 5716]
[712, 5721]
[712, 5726]
[713, 5731]
[713, 5736]
[713, 5741]
[713, 5746]
[713, 5751]
[713, 5756]
[713, 5761]
[713, 5766]
[713, 5771]
[714, 5776]
[714, 5781]
[714, 5786]
[714, 5791]
[714, 5796]
[714, 5801]
[714, 5806]
[714, 5811]
[714, 5816]
[715, 5821]
[715, 5826]
[715, 5831]
[715, 5836]
[715, 5842]
[715, 5847]
[715, 5852]
[715, 5857]
[715, 5862]
[715, 5867]
[715, 5872]
[715, 5877]
[715, 5882]
[715, 5887]
[715, 5892]
[716, 5897]
[716, 5902]
[716, 5907]
[716, 5912]
[716, 5917]
[716, 5922]
[716, 5927]
[716, 5932]
[716, 5937]
[716, 5942]
[716, 5947]
[716, 5952]
[716, 5957]
[716, 5962]
[716, 5967]
[716, 5972]
[716, 5977]
[716, 5982]
[716, 5987]
[716, 5992]
[716, 5997]
[716, 6002]
[716, 6007]
[716, 6012]
[716, 6017]
[716, 6022]
[716, 6027]
[716, 6032]
[716, 6037]
[716, 6042]
[716, 6047]
[716, 6052]
[716, 6057]
[717, 6062]
[717, 6067]
[717, 6072]
[717, 6077]
[717, 6082]
[717, 6087]
[717, 6092]
[717, 6097]
[717, 6102]
[717, 6107]
[717, 6112]
[717, 6117]
[717, 6122]
[716, 6127]
[716, 6132]
[716, 6137]
[716, 6142]
[716, 6147]
[716, 6152]
[716, 6157]
[716, 6162]
[716, 6167]
[716, 6172]
[716, 6177]
[716, 6182]
[716, 6187]
[716, 6192]
[716, 6197]
[716, 6202]
[716, 6207]
[716, 6212]
[716, 6217]
[716, 6222]
[716, 6227]
[716, 6232]
[716, 6237]
[716, 6242]
[716, 6247]
[716, 6252]
[716, 6257]
[716, 6262]
[716, 6267]
[716, 6272]
[716, 6277]
[716, 6282]
[716, 6287]
[716, 6292]
[716, 6297]
[716, 6302]
[716, 6307]
[716, 6312]
[716, 6317]
[716, 6322]
[716, 6327]
[717, 6332]
[717, 6337]
[717, 6342]
[717, 6347]
[717, 6352]
[717, 6357]
[717, 6362]
[717, 6367]
[717, 6372]
[717, 6377]
[717, 6382]
[717, 6387]
[717, 6392]
[717, 6397]
[717, 6402]
[717, 6407]
[717, 6412]
[717, 6417]
[717, 6422]
[717, 6427]
[717, 6432]
[717, 6437]
[717, 6442]
[717, 6447]
[717, 6452]
[717, 6457]
[717, 6462]
[717, 6467]
[717, 6472]
[717, 6477]
[717, 6482]
[717, 6487]
[717, 6492]
[717, 6497]
[717, 6502]
[717, 6507]
[717, 6512]
[716, 6517]
[716, 6522]
[716, 6527]
[716, 6532]
[716, 6537]
[716, 6542]
[716, 6547]
[716, 6552]
[716, 6557]
[716, 6562]
[716, 6567]
[716, 6572]
[716, 6577]
[716, 6582]
[716, 6587]
[716, 6592]
[716, 6597]
[716, 6602]
[716, 6607]
[716, 6612]
[716, 6617]
[716, 6622]
[716, 6627]
[716, 6632]
[716, 6637]
[716, 6642]
[716, 6647]
[716, 6652]
[716, 6657]
[716, 6662]
[716, 6667]
[716, 6672]
[716, 6677]
[716, 6682]
[716, 6687]
[717, 6692]
[717, 6697]
[717, 6702]
[717, 6707]
[717, 6712]
[717, 6717]
[717, 6722]
[717, 6727]
[717, 6732]
[717, 6737]
[717, 6742]
[717, 6747]
[717, 6752]
[717, 6757]
[717, 6763]
[717, 6768]
[718, 6773]
[718, 6778]
[718, 6783]
[718, 6788]
[718, 6793]
[718, 6798]
[718, 6803]
[718, 6808]
[718, 6813]
[718, 6818]
[718, 6823]
[718, 6828]
[718, 6833]
[718, 6838]
[718, 6843]
[718, 6848]
[718, 6853]
[718, 6858]
[718, 6863]
[718, 6868]
[718, 6873]
[718, 6878]
[718, 6883]
[718, 6888]
[718, 6893]
[718, 6898]
[718, 6903]
[718, 6908]
[718, 6913]
[718, 6918]
[718, 6923]
[718, 6928]
[718, 6933]
[718, 6938]
[718, 6943]
[718, 6948]
[718, 6953]
[718, 6958]
[718, 6963]
[718, 6968]
[718, 6973]
[718, 6978]
[718, 6983]
[718, 6988]
[718, 6993]
[718, 6998]
[718, 7003]
[718, 7008]
[718, 7013]
[718, 7018]
[718, 7023]
[718, 7028]
[718, 7033]
[718, 7038]
[719, 7043]
[719, 7048]
[719, 7053]
[719, 7058]
[719, 7063]
[719, 7068]
[719, 7073]
[719, 7078]
[719, 7083]
[719, 7088]
[719, 7093]
[719, 7098]
[719, 7103]
[719, 7108]
[719, 7113]
[719, 7118]
[719, 7123]
[719, 7128]
[719, 7133]
[719, 7138]
[719, 7143]
[719, 7148]
[720, 7153]
[720, 7158]
[720, 7163]
[720, 7168]
[720, 7173]
[720, 7178]
[720, 7183]
[719, 7188]
[719, 7193]
[719, 7198]
[719, 7203]
[719, 7208]
[719, 7213]
[719, 7218]
[719, 7223]
[719, 7228]
[719, 7233]
[719, 7238]
[719, 7243]
[719, 7248]
[719, 7253]
[719, 7258]
[719, 7263]
[719, 7268]
[719, 7273]
[719, 7278]
[719, 7283]
[719, 7288]
[719, 7293]
[719, 7298]
[719, 7303]
[719, 7308]
[719, 7313]
[719, 7318]
[719, 7323]
[719, 7328]
[719, 7333]
[719, 7338]
[719, 7343]
[719, 7348]
[719, 7353]
[719, 7358]
[719, 7363]
[719, 7368]
[719, 7373]
[720, 7378]
[720, 7383]
[720, 7388]
[720, 7393]
[720, 7398]
[720, 7403]
[720, 7408]
[720, 7413]
[720, 7418]
[720, 7423]
[720, 7428]
[720, 7433]
[720, 7438]
[720, 7443]
[720, 7448]
[720, 7453]
[720, 7458]
[720, 7463]
[719, 7468]
[719, 7473]
[719, 7478]
[719, 7483]
[719, 7488]
[719, 7493]
[719, 7498]
[718, 7503]
[718, 7508]
[718, 7513]
[718, 7518]
[718, 7523]
[717, 7528]
[717, 7533]
[717, 7538]
[716, 7543]
[716, 7548]
[716, 7553]
[716, 7558]
[715, 7563]
[715, 7569]
[715, 7574]
[714, 7579]
[714, 7584]
[714, 7589]
[713, 7594]
[713, 7600]
[713, 7605]
[713, 7610]
[712, 7615]
[712, 7620]
[712, 7626]
[711, 7631]
[711, 7636]
[711, 7641]
[711, 7647]
[710, 7652]
[710, 7657]
[710, 7662]
[710, 7668]
[710, 7673]
[709, 7678]
[709, 7683]
[709, 7689]
[709, 7694]
[709, 7699]
[709, 7704]
[708, 7709]
[708, 7715]
[708, 7720]
[708, 7725]
[708, 7730]
[708, 7735]
[708, 7740]
[708, 7745]
[708, 7751]
[708, 7756]
[708, 7761]
[707, 7766]
[707, 7771]
[707, 7776]
[707, 7781]
[704, 7781]
[706, 7786]
[703, 7791]
[709, 7796]
[710, 7801]
[707, 7806]
[706, 7811]
[710, 7816]
[707, 7821]
[708, 7826]
[703, 7831]
[705, 7836]
[702, 7841]
[707, 7846]
[707, 7851]
[709, 7856]
[710, 7861]
[703, 7866]
[704, 7871]
[702, 7876]
[709, 7881]
[708, 7886]
[704, 7891]
[700, 7896]
[701, 7901]
[703, 7906]
[702, 7911]
[706, 7916]
[707, 7921]
[701, 7926]
[699, 7931]
[708, 7936]
[705, 7941]
[706, 7946]
[702, 7951]
[706, 7956]
[700, 7961]
[700, 7966]
[706, 7971]
[704, 7976]
[700, 7981]
[705, 7986]
[703, 7991]
[698, 7996]
[699, 8001]
[703, 8006]
[702, 8011]
[705, 8016]
[701, 8021]
[700, 8026]
[701, 8031]
[698, 8036]
